5.500000000000E+04	1.604651E-05	1.555318E-03	0.000000E+00	0.000000E+00
5.500125000000E+04	3.623762E-05	1.558379E-03	0.000000E+00	0.000000E+00
5.500250000000E+04	8.261432E-06	1.562078E-03	0.000000E+00	0.000000E+00
5.500375000000E+04	3.179401E-05	1.567510E-03	0.000000E+00	0.000000E+00
5.500500000000E+04	1.598300E-05	1.559378E-03	0.000000E+00	0.000000E+00
5.500625000000E+04	1.856181E-05	1.543778E-03	0.000000E+00	0.000000E+00
5.500750000000E+04	2.306386E-05	1.542333E-03	0.000000E+00	0.000000E+00
5.500875000000E+04	1.174228E-05	1.540303E-03	0.000000E+00	0.000000E+00
5.501000000000E+04	1.943134E-05	1.545018E-03	0.000000E+00	0.000000E+00
5.501125000000E+04	2.029794E-05	1.548905E-03	0.000000E+00	0.000000E+00
5.501250000000E+04	5.911580E-06	1.538643E-03	0.000000E+00	0.000000E+00
5.501375000000E+04	2.669306E-05	1.569526E-03	0.000000E+00	0.000000E+00
5.501500000000E+04	1.102528E-05	1.543721E-03	0.000000E+00	0.000000E+00
5.501625000000E+04	1.937261E-05	1.549146E-03	0.000000E+00	0.000000E+00
5.501750000000E+04	2.723956E-05	1.536389E-03	0.000000E+00	0.000000E+00
5.501875000000E+04	2.787252E-05	1.550518E-03	0.000000E+00	0.000000E+00
5.502000000000E+04	1.758586E-05	1.565165E-03	0.000000E+00	0.000000E+00
5.502125000000E+04	2.459255E-05	1.565271E-03	0.000000E+00	0.000000E+00
5.502250000000E+04	2.356242E-05	1.562700E-03	0.000000E+00	0.000000E+00
5.502375000000E+04	2.084904E-05	1.561728E-03	0.000000E+00	0.000000E+00
5.502500000000E+04	2.201935E-05	1.563533E-03	0.000000E+00	0.000000E+00
5.502625000000E+04	2.822006E-05	1.567597E-03	0.000000E+00	0.000000E+00
5.502750000000E+04	2.377223E-05	1.569509E-03	0.000000E+00	0.000000E+00
5.502875000000E+04	2.018120E-05	1.564418E-03	0.000000E+00	0.000000E+00
5.503000000000E+04	2.210037E-05	1.549866E-03	0.000000E+00	0.000000E+00
5.503125000000E+04	1.402467E-05	1.564516E-03	0.000000E+00	0.000000E+00
5.503250000000E+04	2.176725E-05	1.558203E-03	0.000000E+00	0.000000E+00
5.503375000000E+04	2.212930E-05	1.557899E-03	0.000000E+00	0.000000E+00
5.503500000000E+04	2.222811E-05	1.556607E-03	0.000000E+00	0.000000E+00
5.503625000000E+04	2.299559E-05	1.554561E-03	0.000000E+00	0.000000E+00
5.503750000000E+04	2.744711E-05	1.575003E-03	0.000000E+00	0.000000E+00
5.503875000000E+04	2.177570E-05	1.563051E-03	0.000000E+00	0.000000E+00
5.504000000000E+04	9.664383E-06	1.566435E-03	0.000000E+00	0.000000E+00
5.504125000000E+04	1.913226E-05	1.567454E-03	0.000000E+00	0.000000E+00
5.504250000000E+04	2.298959E-05	1.566347E-03	0.000000E+00	0.000000E+00
5.504375000000E+04	2.565169E-05	1.567694E-03	0.000000E+00	0.000000E+00
5.504500000000E+04	2.014154E-05	1.564864E-03	0.000000E+00	0.000000E+00
5.504625000000E+04	1.980605E-05	1.566910E-03	0.000000E+00	0.000000E+00
5.504750000000E+04	3.142428E-05	1.554997E-03	0.000000E+00	0.000000E+00
5.504875000000E+04	2.648652E-05	1.569955E-03	0.000000E+00	0.000000E+00
5.505000000000E+04	1.916541E-05	1.566722E-03	0.000000E+00	0.000000E+00
5.505125000000E+04	1.437891E-05	1.555207E-03	0.000000E+00	0.000000E+00
5.505250000000E+04	2.247663E-05	1.573759E-03	0.000000E+00	0.000000E+00
5.505375000000E+04	3.400378E-05	1.563124E-03	0.000000E+00	0.000000E+00
5.505500000000E+04	1.933941E-05	1.561197E-03	0.000000E+00	0.000000E+00
5.505625000000E+04	3.197251E-05	1.569226E-03	0.000000E+00	0.000000E+00
5.505750000000E+04	1.321425E-05	1.559005E-03	0.000000E+00	0.000000E+00
5.505875000000E+04	1.691160E-05	1.576253E-03	0.000000E+00	0.000000E+00
5.506000000000E+04	2.536146E-05	1.579066E-03	0.000000E+00	0.000000E+00
5.506125000000E+04	1.329271E-05	1.564076E-03	0.000000E+00	0.000000E+00
5.506250000000E+04	3.078301E-05	1.561699E-03	0.000000E+00	0.000000E+00
5.506375000000E+04	2.305436E-05	1.575964E-03	0.000000E+00	0.000000E+00
5.506500000000E+04	1.854491E-05	1.567707E-03	0.000000E+00	0.000000E+00
5.506625000000E+04	1.616827E-05	1.569261E-03	0.000000E+00	0.000000E+00
5.506750000000E+04	2.332349E-05	1.575656E-03	0.000000E+00	0.000000E+00
5.506875000000E+04	3.195875E-05	1.563054E-03	0.000000E+00	0.000000E+00
5.507000000000E+04	2.729833E-05	1.571507E-03	0.000000E+00	0.000000E+00
5.507125000000E+04	1.229485E-05	1.570073E-03	0.000000E+00	0.000000E+00
5.507250000000E+04	2.385126E-05	1.566146E-03	0.000000E+00	0.000000E+00
5.507375000000E+04	2.551966E-05	1.586611E-03	0.000000E+00	0.000000E+00
5.507500000000E+04	2.311043E-05	1.582548E-03	0.000000E+00	0.000000E+00
5.507625000000E+04	2.333479E-05	1.577594E-03	0.000000E+00	0.000000E+00
5.507750000000E+04	1.440637E-05	1.569090E-03	0.000000E+00	0.000000E+00
5.507875000000E+04	3.030816E-05	1.563010E-03	0.000000E+00	0.000000E+00
5.508000000000E+04	1.901422E-05	1.585096E-03	0.000000E+00	0.000000E+00
5.508125000000E+04	1.197072E-05	1.574299E-03	0.000000E+00	0.000000E+00
5.508250000000E+04	1.424846E-05	1.582933E-03	0.000000E+00	0.000000E+00
5.508375000000E+04	2.131471E-05	1.581581E-03	0.000000E+00	0.000000E+00
5.508500000000E+04	2.520262E-05	1.596883E-03	0.000000E+00	0.000000E+00
5.508625000000E+04	3.084011E-05	1.579301E-03	0.000000E+00	0.000000E+00
5.508750000000E+04	2.409601E-05	1.581089E-03	0.000000E+00	0.000000E+00
5.508875000000E+04	2.081032E-05	1.589400E-03	0.000000E+00	0.000000E+00
5.509000000000E+04	1.599525E-05	1.563463E-03	0.000000E+00	0.000000E+00
5.509125000000E+04	3.185837E-05	1.579050E-03	0.000000E+00	0.000000E+00
5.509250000000E+04	8.581791E-06	1.565515E-03	0.000000E+00	0.000000E+00
5.509375000000E+04	2.408759E-05	1.579732E-03	0.000000E+00	0.000000E+00
5.509500000000E+04	3.143816E-05	1.574508E-03	0.000000E+00	0.000000E+00
5.509625000000E+04	1.809804E-05	1.583104E-03	0.000000E+00	0.000000E+00
5.509750000000E+04	2.434051E-05	1.575407E-03	0.000000E+00	0.000000E+00
5.509875000000E+04	2.247628E-05	1.579790E-03	0.000000E+00	0.000000E+00
5.510000000000E+04	3.780746E-05	1.577228E-03	0.000000E+00	0.000000E+00
5.510125000000E+04	4.033065E-05	1.583666E-03	0.000000E+00	0.000000E+00
5.510250000000E+04	2.687102E-05	1.589522E-03	0.000000E+00	0.000000E+00
5.510375000000E+04	1.905360E-05	1.576597E-03	0.000000E+00	0.000000E+00
5.510500000000E+04	2.976162E-05	1.583796E-03	0.000000E+00	0.000000E+00
5.510625000000E+04	2.735024E-05	1.583292E-03	0.000000E+00	0.000000E+00
5.510750000000E+04	3.709915E-05	1.575342E-03	0.000000E+00	0.000000E+00
5.510875000000E+04	1.455469E-05	1.581544E-03	0.000000E+00	0.000000E+00
5.511000000000E+04	1.422328E-05	1.588172E-03	0.000000E+00	0.000000E+00
5.511125000000E+04	2.031840E-05	1.582018E-03	0.000000E+00	0.000000E+00
5.511250000000E+04	1.750665E-05	1.586537E-03	0.000000E+00	0.000000E+00
5.511375000000E+04	1.387695E-05	1.586989E-03	0.000000E+00	0.000000E+00
5.511500000000E+04	3.219660E-05	1.589671E-03	0.000000E+00	0.000000E+00
5.511625000000E+04	2.579370E-05	1.580834E-03	0.000000E+00	0.000000E+00
5.511750000000E+04	2.966870E-05	1.584265E-03	0.000000E+00	0.000000E+00
5.511875000000E+04	2.080617E-05	1.584562E-03	0.000000E+00	0.000000E+00
5.512000000000E+04	2.078036E-05	1.577987E-03	0.000000E+00	0.000000E+00
5.512125000000E+04	3.176070E-05	1.581817E-03	0.000000E+00	0.000000E+00
5.512250000000E+04	2.181825E-05	1.580109E-03	0.000000E+00	0.000000E+00
5.512375000000E+04	2.938221E-05	1.598799E-03	0.000000E+00	0.000000E+00
5.512500000000E+04	1.772473E-05	1.578053E-03	0.000000E+00	0.000000E+00
5.512625000000E+04	2.227065E-05	1.586563E-03	0.000000E+00	0.000000E+00
5.512750000000E+04	2.250703E-05	1.587272E-03	0.000000E+00	0.000000E+00
5.512875000000E+04	1.620979E-05	1.581731E-03	0.000000E+00	0.000000E+00
5.513000000000E+04	2.019767E-05	1.592778E-03	0.000000E+00	0.000000E+00
5.513125000000E+04	1.885495E-05	1.589487E-03	0.000000E+00	0.000000E+00
5.513250000000E+04	2.076867E-05	1.600189E-03	0.000000E+00	0.000000E+00
5.513375000000E+04	1.743948E-05	1.586443E-03	0.000000E+00	0.000000E+00
5.513500000000E+04	2.134865E-05	1.592398E-03	0.000000E+00	0.000000E+00
5.513625000000E+04	2.502941E-05	1.595901E-03	0.000000E+00	0.000000E+00
5.513750000000E+04	2.370181E-05	1.588818E-03	0.000000E+00	0.000000E+00
5.513875000000E+04	2.158458E-05	1.593807E-03	0.000000E+00	0.000000E+00
5.514000000000E+04	3.189832E-05	1.586048E-03	0.000000E+00	0.000000E+00
5.514125000000E+04	1.662163E-05	1.580594E-03	0.000000E+00	0.000000E+00
5.514250000000E+04	2.604487E-05	1.596754E-03	0.000000E+00	0.000000E+00
5.514375000000E+04	2.806252E-05	1.593919E-03	0.000000E+00	0.000000E+00
5.514500000000E+04	2.897593E-05	1.600034E-03	0.000000E+00	0.000000E+00
5.514625000000E+04	2.430410E-05	1.599591E-03	0.000000E+00	0.000000E+00
5.514750000000E+04	2.755412E-05	1.599259E-03	0.000000E+00	0.000000E+00
5.514875000000E+04	2.739986E-05	1.598695E-03	0.000000E+00	0.000000E+00
5.515000000000E+04	2.873008E-05	1.599918E-03	0.000000E+00	0.000000E+00
5.515125000000E+04	1.431750E-05	1.607592E-03	0.000000E+00	0.000000E+00
5.515250000000E+04	1.147545E-05	1.611799E-03	0.000000E+00	0.000000E+00
5.515375000000E+04	2.024337E-05	1.597901E-03	0.000000E+00	0.000000E+00
5.515500000000E+04	1.248971E-05	1.596964E-03	0.000000E+00	0.000000E+00
5.515625000000E+04	1.267737E-05	1.606291E-03	0.000000E+00	0.000000E+00
5.515750000000E+04	3.724259E-05	1.602776E-03	0.000000E+00	0.000000E+00
5.515875000000E+04	2.878857E-05	1.589750E-03	0.000000E+00	0.000000E+00
5.516000000000E+04	2.364689E-05	1.595872E-03	0.000000E+00	0.000000E+00
5.516125000000E+04	3.020495E-05	1.591705E-03	0.000000E+00	0.000000E+00
5.516250000000E+04	3.397726E-05	1.598387E-03	0.000000E+00	0.000000E+00
5.516375000000E+04	3.316746E-05	1.604030E-03	0.000000E+00	0.000000E+00
5.516500000000E+04	3.098822E-05	1.598808E-03	0.000000E+00	0.000000E+00
5.516625000000E+04	1.227413E-05	1.600869E-03	0.000000E+00	0.000000E+00
5.516750000000E+04	1.641060E-05	1.613713E-03	0.000000E+00	0.000000E+00
5.516875000000E+04	3.464203E-05	1.611544E-03	0.000000E+00	0.000000E+00
5.517000000000E+04	2.221963E-05	1.612716E-03	0.000000E+00	0.000000E+00
5.517125000000E+04	3.214675E-05	1.610795E-03	0.000000E+00	0.000000E+00
5.517250000000E+04	2.527632E-05	1.603831E-03	0.000000E+00	0.000000E+00
5.517375000000E+04	2.822135E-05	1.586862E-03	0.000000E+00	0.000000E+00
5.517500000000E+04	2.562584E-05	1.615647E-03	0.000000E+00	0.000000E+00
5.517625000000E+04	2.847815E-05	1.600579E-03	0.000000E+00	0.000000E+00
5.517750000000E+04	2.395270E-05	1.599235E-03	0.000000E+00	0.000000E+00
5.517875000000E+04	3.314291E-05	1.605774E-03	0.000000E+00	0.000000E+00
5.518000000000E+04	3.175428E-05	1.605944E-03	0.000000E+00	0.000000E+00
5.518125000000E+04	3.816916E-05	1.608938E-03	0.000000E+00	0.000000E+00
5.518250000000E+04	2.988278E-05	1.615810E-03	0.000000E+00	0.000000E+00
5.518375000000E+04	1.876719E-05	1.605348E-03	0.000000E+00	0.000000E+00
5.518500000000E+04	2.686225E-05	1.603108E-03	0.000000E+00	0.000000E+00
5.518625000000E+04	1.953122E-05	1.612653E-03	0.000000E+00	0.000000E+00
5.518750000000E+04	4.577901E-05	1.609707E-03	0.000000E+00	0.000000E+00
5.518875000000E+04	1.501307E-05	1.619231E-03	0.000000E+00	0.000000E+00
5.519000000000E+04	3.860147E-05	1.613696E-03	0.000000E+00	0.000000E+00
5.519125000000E+04	2.922139E-05	1.607566E-03	0.000000E+00	0.000000E+00
5.519250000000E+04	2.109514E-05	1.623106E-03	0.000000E+00	0.000000E+00
5.519375000000E+04	2.545733E-05	1.615777E-03	0.000000E+00	0.000000E+00
5.519500000000E+04	3.221668E-05	1.619639E-03	0.000000E+00	0.000000E+00
5.519625000000E+04	2.530427E-05	1.615804E-03	0.000000E+00	0.000000E+00
5.519750000000E+04	2.719792E-05	1.610977E-03	0.000000E+00	0.000000E+00
5.519875000000E+04	3.481698E-05	1.628898E-03	0.000000E+00	0.000000E+00
5.520000000000E+04	2.291338E-05	1.628461E-03	0.000000E+00	0.000000E+00
5.520125000000E+04	2.812326E-05	1.629238E-03	0.000000E+00	0.000000E+00
5.520250000000E+04	3.991999E-05	1.622885E-03	0.000000E+00	0.000000E+00
5.520375000000E+04	3.303182E-05	1.623458E-03	0.000000E+00	0.000000E+00
5.520500000000E+04	3.618472E-05	1.620857E-03	0.000000E+00	0.000000E+00
5.520625000000E+04	2.190698E-05	1.603798E-03	0.000000E+00	0.000000E+00
5.520750000000E+04	2.373947E-05	1.619368E-03	0.000000E+00	0.000000E+00
5.520875000000E+04	2.546752E-05	1.618634E-03	0.000000E+00	0.000000E+00
5.521000000000E+04	2.949319E-05	1.636969E-03	0.000000E+00	0.000000E+00
5.521125000000E+04	2.563272E-05	1.623734E-03	0.000000E+00	0.000000E+00
5.521250000000E+04	3.368120E-05	1.625185E-03	0.000000E+00	0.000000E+00
5.521375000000E+04	2.619337E-05	1.641277E-03	0.000000E+00	0.000000E+00
5.521500000000E+04	2.882408E-05	1.630952E-03	0.000000E+00	0.000000E+00
5.521625000000E+04	2.857443E-05	1.618463E-03	0.000000E+00	0.000000E+00
5.521750000000E+04	2.596159E-05	1.625396E-03	0.000000E+00	0.000000E+00
5.521875000000E+04	3.213044E-05	1.627594E-03	0.000000E+00	0.000000E+00
5.522000000000E+04	1.805250E-05	1.629955E-03	0.000000E+00	0.000000E+00
5.522125000000E+04	3.460258E-05	1.630762E-03	0.000000E+00	0.000000E+00
5.522250000000E+04	2.912041E-05	1.624501E-03	0.000000E+00	0.000000E+00
5.522375000000E+04	2.419007E-05	1.633768E-03	0.000000E+00	0.000000E+00
5.522500000000E+04	3.889334E-05	1.640315E-03	0.000000E+00	0.000000E+00
5.522625000000E+04	3.351613E-05	1.637497E-03	0.000000E+00	0.000000E+00
5.522750000000E+04	3.280341E-05	1.617310E-03	0.000000E+00	0.000000E+00
5.522875000000E+04	3.344948E-05	1.626898E-03	0.000000E+00	0.000000E+00
5.523000000000E+04	3.242127E-05	1.630571E-03	0.000000E+00	0.000000E+00
5.523125000000E+04	3.252604E-05	1.643006E-03	0.000000E+00	0.000000E+00
5.523250000000E+04	3.521143E-05	1.640041E-03	0.000000E+00	0.000000E+00
5.523375000000E+04	2.864704E-05	1.635807E-03	0.000000E+00	0.000000E+00
5.523500000000E+04	2.866611E-05	1.626748E-03	0.000000E+00	0.000000E+00
5.523625000000E+04	2.713628E-05	1.640618E-03	0.000000E+00	0.000000E+00
5.523750000000E+04	3.108265E-05	1.633883E-03	0.000000E+00	0.000000E+00
5.523875000000E+04	2.427678E-05	1.643066E-03	0.000000E+00	0.000000E+00
5.524000000000E+04	2.038452E-05	1.646262E-03	0.000000E+00	0.000000E+00
5.524125000000E+04	2.827527E-05	1.640032E-03	0.000000E+00	0.000000E+00
5.524250000000E+04	2.472596E-05	1.640327E-03	0.000000E+00	0.000000E+00
5.524375000000E+04	2.984855E-05	1.636574E-03	0.000000E+00	0.000000E+00
5.524500000000E+04	3.625473E-05	1.641320E-03	0.000000E+00	0.000000E+00
5.524625000000E+04	2.849813E-05	1.630243E-03	0.000000E+00	0.000000E+00
5.524750000000E+04	2.576155E-05	1.639163E-03	0.000000E+00	0.000000E+00
5.524875000000E+04	2.293354E-05	1.638372E-03	0.000000E+00	0.000000E+00
5.525000000000E+04	2.888045E-05	1.638406E-03	0.000000E+00	0.000000E+00
5.525125000000E+04	3.234442E-05	1.641482E-03	0.000000E+00	0.000000E+00
5.525250000000E+04	2.972369E-05	1.654811E-03	0.000000E+00	0.000000E+00
5.525375000000E+04	2.440137E-05	1.650635E-03	0.000000E+00	0.000000E+00
5.525500000000E+04	2.770846E-05	1.635926E-03	0.000000E+00	0.000000E+00
5.525625000000E+04	3.325052E-05	1.658436E-03	0.000000E+00	0.000000E+00
5.525750000000E+04	4.262412E-05	1.649574E-03	0.000000E+00	0.000000E+00
5.525875000000E+04	3.555242E-05	1.630416E-03	0.000000E+00	0.000000E+00
5.526000000000E+04	2.998930E-05	1.646043E-03	0.000000E+00	0.000000E+00
5.526125000000E+04	3.368536E-05	1.640484E-03	0.000000E+00	0.000000E+00
5.526250000000E+04	4.093613E-05	1.638963E-03	0.000000E+00	0.000000E+00
5.526375000000E+04	4.210864E-05	1.668931E-03	0.000000E+00	0.000000E+00
5.526500000000E+04	3.773786E-05	1.659742E-03	0.000000E+00	0.000000E+00
5.526625000000E+04	3.055466E-05	1.653465E-03	0.000000E+00	0.000000E+00
5.526750000000E+04	3.264540E-05	1.662324E-03	0.000000E+00	0.000000E+00
5.526875000000E+04	1.756536E-05	1.662594E-03	0.000000E+00	0.000000E+00
5.527000000000E+04	3.161335E-05	1.663254E-03	0.000000E+00	0.000000E+00
5.527125000000E+04	3.163936E-05	1.660720E-03	0.000000E+00	0.000000E+00
5.527250000000E+04	3.578347E-05	1.648027E-03	0.000000E+00	0.000000E+00
5.527375000000E+04	2.950497E-05	1.664623E-03	0.000000E+00	0.000000E+00
5.527500000000E+04	3.145075E-05	1.676463E-03	0.000000E+00	0.000000E+00
5.527625000000E+04	4.623874E-05	1.671059E-03	0.000000E+00	0.000000E+00
5.527750000000E+04	2.698395E-05	1.657440E-03	0.000000E+00	0.000000E+00
5.527875000000E+04	4.402308E-05	1.675318E-03	0.000000E+00	0.000000E+00
5.528000000000E+04	3.725332E-05	1.654695E-03	0.000000E+00	0.000000E+00
5.528125000000E+04	3.558224E-05	1.661819E-03	0.000000E+00	0.000000E+00
5.528250000000E+04	2.433805E-05	1.667060E-03	0.000000E+00	0.000000E+00
5.528375000000E+04	2.192628E-05	1.654997E-03	0.000000E+00	0.000000E+00
5.528500000000E+04	2.999849E-05	1.670893E-03	0.000000E+00	0.000000E+00
5.528625000000E+04	4.104031E-05	1.681586E-03	0.000000E+00	0.000000E+00
5.528750000000E+04	2.941431E-05	1.655335E-03	0.000000E+00	0.000000E+00
5.528875000000E+04	2.710031E-05	1.668434E-03	0.000000E+00	0.000000E+00
5.529000000000E+04	2.731124E-05	1.677331E-03	0.000000E+00	0.000000E+00
5.529125000000E+04	3.047516E-05	1.657894E-03	0.000000E+00	0.000000E+00
5.529250000000E+04	3.903600E-05	1.669180E-03	0.000000E+00	0.000000E+00
5.529375000000E+04	4.186213E-05	1.661793E-03	0.000000E+00	0.000000E+00
5.529500000000E+04	3.326363E-05	1.668711E-03	0.000000E+00	0.000000E+00
5.529625000000E+04	3.683124E-05	1.667268E-03	0.000000E+00	0.000000E+00
5.529750000000E+04	3.456294E-05	1.679934E-03	0.000000E+00	0.000000E+00
5.529875000000E+04	3.811341E-05	1.675933E-03	0.000000E+00	0.000000E+00
5.530000000000E+04	3.536479E-05	1.701869E-03	0.000000E+00	0.000000E+00
5.530125000000E+04	4.083634E-05	1.695378E-03	0.000000E+00	0.000000E+00
5.530250000000E+04	5.186027E-05	1.658732E-03	0.000000E+00	0.000000E+00
5.530375000000E+04	3.942746E-05	1.692428E-03	0.000000E+00	0.000000E+00
5.530500000000E+04	2.771165E-05	1.673465E-03	0.000000E+00	0.000000E+00
5.530625000000E+04	3.657581E-05	1.688751E-03	0.000000E+00	0.000000E+00
5.530750000000E+04	2.951444E-05	1.684564E-03	0.000000E+00	0.000000E+00
5.530875000000E+04	3.877416E-05	1.691762E-03	0.000000E+00	0.000000E+00
5.531000000000E+04	3.906154E-05	1.693134E-03	0.000000E+00	0.000000E+00
5.531125000000E+04	5.372390E-05	1.691475E-03	0.000000E+00	0.000000E+00
5.531250000000E+04	3.182933E-05	1.681003E-03	0.000000E+00	0.000000E+00
5.531375000000E+04	3.958745E-05	1.691513E-03	0.000000E+00	0.000000E+00
5.531500000000E+04	4.334167E-05	1.688477E-03	0.000000E+00	0.000000E+00
5.531625000000E+04	3.209268E-05	1.685138E-03	0.000000E+00	0.000000E+00
5.531750000000E+04	4.918881E-05	1.704860E-03	0.000000E+00	0.000000E+00
5.531875000000E+04	5.169373E-05	1.694115E-03	0.000000E+00	0.000000E+00
5.532000000000E+04	4.616314E-05	1.691804E-03	0.000000E+00	0.000000E+00
5.532125000000E+04	3.747715E-05	1.697008E-03	0.000000E+00	0.000000E+00
5.532250000000E+04	3.707485E-05	1.704052E-03	0.000000E+00	0.000000E+00
5.532375000000E+04	3.741456E-05	1.692622E-03	0.000000E+00	0.000000E+00
5.532500000000E+04	2.288511E-05	1.693079E-03	0.000000E+00	0.000000E+00
5.532625000000E+04	4.403941E-05	1.690465E-03	0.000000E+00	0.000000E+00
5.532750000000E+04	4.362182E-05	1.689921E-03	0.000000E+00	0.000000E+00
5.532875000000E+04	3.392251E-05	1.700454E-03	0.000000E+00	0.000000E+00
5.533000000000E+04	4.773149E-05	1.712990E-03	0.000000E+00	0.000000E+00
5.533125000000E+04	4.626412E-05	1.699831E-03	0.000000E+00	0.000000E+00
5.533250000000E+04	3.282135E-05	1.698115E-03	0.000000E+00	0.000000E+00
5.533375000000E+04	3.941089E-05	1.695713E-03	0.000000E+00	0.000000E+00
5.533500000000E+04	5.453788E-05	1.698471E-03	0.000000E+00	0.000000E+00
5.533625000000E+04	3.882974E-05	1.699305E-03	0.000000E+00	0.000000E+00
5.533750000000E+04	3.312631E-05	1.701078E-03	0.000000E+00	0.000000E+00
5.533875000000E+04	4.964705E-05	1.713207E-03	0.000000E+00	0.000000E+00
5.534000000000E+04	3.808894E-05	1.716486E-03	0.000000E+00	0.000000E+00
5.534125000000E+04	3.825906E-05	1.709676E-03	0.000000E+00	0.000000E+00
5.534250000000E+04	3.009220E-05	1.707977E-03	0.000000E+00	0.000000E+00
5.534375000000E+04	4.340033E-05	1.717182E-03	0.000000E+00	0.000000E+00
5.534500000000E+04	4.240439E-05	1.706885E-03	0.000000E+00	0.000000E+00
5.534625000000E+04	4.887635E-05	1.719996E-03	0.000000E+00	0.000000E+00
5.534750000000E+04	2.306667E-05	1.719378E-03	0.000000E+00	0.000000E+00
5.534875000000E+04	3.998506E-05	1.717674E-03	0.000000E+00	0.000000E+00
5.535000000000E+04	3.513826E-05	1.721273E-03	0.000000E+00	0.000000E+00
5.535125000000E+04	3.532542E-05	1.714601E-03	0.000000E+00	0.000000E+00
5.535250000000E+04	4.763912E-05	1.726355E-03	0.000000E+00	0.000000E+00
5.535375000000E+04	5.652299E-05	1.733663E-03	0.000000E+00	0.000000E+00
5.535500000000E+04	4.495422E-05	1.730285E-03	0.000000E+00	0.000000E+00
5.535625000000E+04	3.285605E-05	1.715587E-03	0.000000E+00	0.000000E+00
5.535750000000E+04	4.832972E-05	1.740699E-03	0.000000E+00	0.000000E+00
5.535875000000E+04	6.445535E-05	1.734743E-03	0.000000E+00	0.000000E+00
5.536000000000E+04	4.561068E-05	1.723205E-03	0.000000E+00	0.000000E+00
5.536125000000E+04	4.246287E-05	1.742910E-03	0.000000E+00	0.000000E+00
5.536250000000E+04	4.202189E-05	1.735664E-03	0.000000E+00	0.000000E+00
5.536375000000E+04	4.938876E-05	1.736907E-03	0.000000E+00	0.000000E+00
5.536500000000E+04	5.143586E-05	1.725419E-03	0.000000E+00	0.000000E+00
5.536625000000E+04	4.510489E-05	1.738587E-03	0.000000E+00	0.000000E+00
5.536750000000E+04	5.216435E-05	1.734715E-03	0.000000E+00	0.000000E+00
5.536875000000E+04	5.793630E-05	1.736841E-03	0.000000E+00	0.000000E+00
5.537000000000E+04	5.367916E-05	1.728897E-03	0.000000E+00	0.000000E+00
5.537125000000E+04	5.666175E-05	1.760719E-03	0.000000E+00	0.000000E+00
5.537250000000E+04	5.249296E-05	1.750208E-03	0.000000E+00	0.000000E+00
5.537375000000E+04	4.762059E-05	1.753399E-03	0.000000E+00	0.000000E+00
5.537500000000E+04	5.555671E-05	1.748038E-03	0.000000E+00	0.000000E+00
5.537625000000E+04	3.967764E-05	1.745850E-03	0.000000E+00	0.000000E+00
5.537750000000E+04	3.487445E-05	1.751450E-03	0.000000E+00	0.000000E+00
5.537875000000E+04	4.124429E-05	1.756490E-03	0.000000E+00	0.000000E+00
5.538000000000E+04	4.447697E-05	1.756974E-03	0.000000E+00	0.000000E+00
5.538125000000E+04	4.034460E-05	1.763514E-03	0.000000E+00	0.000000E+00
5.538250000000E+04	4.946605E-05	1.760443E-03	0.000000E+00	0.000000E+00
5.538375000000E+04	4.345304E-05	1.764256E-03	0.000000E+00	0.000000E+00
5.538500000000E+04	5.398794E-05	1.752742E-03	0.000000E+00	0.000000E+00
5.538625000000E+04	4.413935E-05	1.768006E-03	0.000000E+00	0.000000E+00
5.538750000000E+04	6.406559E-05	1.770462E-03	0.000000E+00	0.000000E+00
5.538875000000E+04	4.688970E-05	1.767653E-03	0.000000E+00	0.000000E+00
5.539000000000E+04	4.887612E-05	1.763479E-03	0.000000E+00	0.000000E+00
5.539125000000E+04	6.260406E-05	1.772660E-03	0.000000E+00	0.000000E+00
5.539250000000E+04	6.215960E-05	1.764895E-03	0.000000E+00	0.000000E+00
5.539375000000E+04	4.800818E-05	1.777921E-03	0.000000E+00	0.000000E+00
5.539500000000E+04	5.671192E-05	1.778621E-03	0.000000E+00	0.000000E+00
5.539625000000E+04	5.357443E-05	1.773935E-03	0.000000E+00	0.000000E+00
5.539750000000E+04	5.339205E-05	1.783625E-03	0.000000E+00	0.000000E+00
5.539875000000E+04	6.180519E-05	1.781073E-03	0.000000E+00	0.000000E+00
5.540000000000E+04	6.915668E-05	1.786535E-03	0.000000E+00	0.000000E+00
5.540125000000E+04	3.674916E-05	1.772326E-03	0.000000E+00	0.000000E+00
5.540250000000E+04	5.507896E-05	1.779832E-03	0.000000E+00	0.000000E+00
5.540375000000E+04	4.692793E-05	1.789949E-03	0.000000E+00	0.000000E+00
5.540500000000E+04	7.521413E-05	1.813405E-03	0.000000E+00	0.000000E+00
5.540625000000E+04	6.591849E-05	1.790982E-03	0.000000E+00	0.000000E+00
5.540750000000E+04	6.323704E-05	1.799551E-03	0.000000E+00	0.000000E+00
5.540875000000E+04	6.584539E-05	1.800141E-03	0.000000E+00	0.000000E+00
5.541000000000E+04	6.869529E-05	1.791602E-03	0.000000E+00	0.000000E+00
5.541125000000E+04	6.326676E-05	1.800600E-03	0.000000E+00	0.000000E+00
5.541250000000E+04	5.801871E-05	1.789733E-03	0.000000E+00	0.000000E+00
5.541375000000E+04	6.772789E-05	1.794379E-03	0.000000E+00	0.000000E+00
5.541500000000E+04	5.933201E-05	1.812783E-03	0.000000E+00	0.000000E+00
5.541625000000E+04	6.214749E-05	1.802139E-03	0.000000E+00	0.000000E+00
5.541750000000E+04	5.515431E-05	1.807329E-03	0.000000E+00	0.000000E+00
5.541875000000E+04	6.346691E-05	1.816908E-03	0.000000E+00	0.000000E+00
5.542000000000E+04	5.833891E-05	1.821667E-03	0.000000E+00	0.000000E+00
5.542125000000E+04	6.916768E-05	1.802046E-03	0.000000E+00	0.000000E+00
5.542250000000E+04	7.090817E-05	1.811156E-03	0.000000E+00	0.000000E+00
5.542375000000E+04	7.717735E-05	1.810561E-03	0.000000E+00	0.000000E+00
5.542500000000E+04	7.607699E-05	1.830150E-03	0.000000E+00	0.000000E+00
5.542625000000E+04	6.531581E-05	1.832523E-03	0.000000E+00	0.000000E+00
5.542750000000E+04	6.275146E-05	1.823818E-03	0.000000E+00	0.000000E+00
5.542875000000E+04	7.953349E-05	1.830928E-03	0.000000E+00	0.000000E+00
5.543000000000E+04	5.490492E-05	1.841580E-03	0.000000E+00	0.000000E+00
5.543125000000E+04	6.578854E-05	1.826380E-03	0.000000E+00	0.000000E+00
5.543250000000E+04	6.518487E-05	1.834666E-03	0.000000E+00	0.000000E+00
5.543375000000E+04	7.684578E-05	1.824580E-03	0.000000E+00	0.000000E+00
5.543500000000E+04	7.875440E-05	1.842198E-03	0.000000E+00	0.000000E+00
5.543625000000E+04	6.658682E-05	1.853141E-03	0.000000E+00	0.000000E+00
5.543750000000E+04	8.324728E-05	1.836666E-03	0.000000E+00	0.000000E+00
5.543875000000E+04	8.182340E-05	1.839542E-03	0.000000E+00	0.000000E+00
5.544000000000E+04	7.848364E-05	1.854113E-03	0.000000E+00	0.000000E+00
5.544125000000E+04	7.942114E-05	1.847716E-03	0.000000E+00	0.000000E+00
5.544250000000E+04	8.434535E-05	1.851158E-03	0.000000E+00	0.000000E+00
5.544375000000E+04	7.449679E-05	1.871052E-03	0.000000E+00	0.000000E+00
5.544500000000E+04	8.561678E-05	1.843591E-03	0.000000E+00	0.000000E+00
5.544625000000E+04	8.405361E-05	1.860055E-03	0.000000E+00	0.000000E+00
5.544750000000E+04	8.224053E-05	1.872339E-03	0.000000E+00	0.000000E+00
5.544875000000E+04	8.147459E-05	1.877009E-03	0.000000E+00	0.000000E+00
5.545000000000E+04	8.307453E-05	1.890167E-03	0.000000E+00	0.000000E+00
5.545125000000E+04	8.892577E-05	1.872297E-03	0.000000E+00	0.000000E+00
5.545250000000E+04	7.735838E-05	1.874966E-03	0.000000E+00	0.000000E+00
5.545375000000E+04	8.441708E-05	1.876916E-03	0.000000E+00	0.000000E+00
5.545500000000E+04	7.329925E-05	1.868002E-03	0.000000E+00	0.000000E+00
5.545625000000E+04	8.143964E-05	1.876029E-03	0.000000E+00	0.000000E+00
5.545750000000E+04	9.648858E-05	1.893483E-03	0.000000E+00	0.000000E+00
5.545875000000E+04	8.842074E-05	1.879947E-03	0.000000E+00	0.000000E+00
5.546000000000E+04	8.962705E-05	1.894022E-03	0.000000E+00	0.000000E+00
5.546125000000E+04	8.686686E-05	1.894660E-03	0.000000E+00	0.000000E+00
5.546250000000E+04	7.779194E-05	1.920068E-03	0.000000E+00	0.000000E+00
5.546375000000E+04	9.472921E-05	1.901885E-03	0.000000E+00	0.000000E+00
5.546500000000E+04	8.481250E-05	1.904443E-03	0.000000E+00	0.000000E+00
5.546625000000E+04	1.041603E-04	1.910432E-03	0.000000E+00	0.000000E+00
5.546750000000E+04	9.043798E-05	1.907764E-03	0.000000E+00	0.000000E+00
5.546875000000E+04	1.087783E-04	1.925374E-03	0.000000E+00	0.000000E+00
5.547000000000E+04	9.056598E-05	1.932198E-03	0.000000E+00	0.000000E+00
5.547125000000E+04	1.082242E-04	1.927410E-03	0.000000E+00	0.000000E+00
5.547250000000E+04	9.330761E-05	1.940553E-03	0.000000E+00	0.000000E+00
5.547375000000E+04	1.097655E-04	1.929610E-03	0.000000E+00	0.000000E+00
5.547500000000E+04	9.565135E-05	1.933460E-03	0.000000E+00	0.000000E+00
5.547625000000E+04	1.041458E-04	1.941766E-03	0.000000E+00	0.000000E+00
5.547750000000E+04	1.111304E-04	1.939056E-03	0.000000E+00	0.000000E+00
5.547875000000E+04	1.116925E-04	1.937807E-03	0.000000E+00	0.000000E+00
5.548000000000E+04	1.084846E-04	1.964859E-03	0.000000E+00	0.000000E+00
5.548125000000E+04	1.077374E-04	1.936684E-03	0.000000E+00	0.000000E+00
5.548250000000E+04	1.254671E-04	1.969086E-03	0.000000E+00	0.000000E+00
5.548375000000E+04	1.159737E-04	1.959466E-03	0.000000E+00	0.000000E+00
5.548500000000E+04	1.282608E-04	1.965128E-03	0.000000E+00	0.000000E+00
5.548625000000E+04	1.258128E-04	1.981602E-03	0.000000E+00	0.000000E+00
5.548750000000E+04	1.203366E-04	1.978664E-03	0.000000E+00	0.000000E+00
5.548875000000E+04	1.274097E-04	1.986513E-03	0.000000E+00	0.000000E+00
5.549000000000E+04	1.282681E-04	1.994015E-03	0.000000E+00	0.000000E+00
5.549125000000E+04	1.236021E-04	2.003651E-03	0.000000E+00	0.000000E+00
5.549250000000E+04	1.345265E-04	2.001357E-03	0.000000E+00	0.000000E+00
5.549375000000E+04	1.276254E-04	1.999800E-03	0.000000E+00	0.000000E+00
5.549500000000E+04	1.306205E-04	2.005551E-03	0.000000E+00	0.000000E+00
5.549625000000E+04	1.380250E-04	2.010957E-03	0.000000E+00	0.000000E+00
5.549750000000E+04	1.195782E-04	2.010806E-03	0.000000E+00	0.000000E+00
5.549875000000E+04	1.348017E-04	2.002701E-03	0.000000E+00	0.000000E+00
5.550000000000E+04	1.488879E-04	2.037032E-03	0.000000E+00	0.000000E+00
5.550125000000E+04	1.439743E-04	2.041629E-03	0.000000E+00	0.000000E+00
5.550250000000E+04	1.442555E-04	2.033252E-03	0.000000E+00	0.000000E+00
5.550375000000E+04	1.433927E-04	2.038746E-03	0.000000E+00	0.000000E+00
5.550500000000E+04	1.491248E-04	2.052642E-03	0.000000E+00	0.000000E+00
5.550625000000E+04	1.521477E-04	2.048951E-03	0.000000E+00	0.000000E+00
5.550750000000E+04	1.494325E-04	2.057992E-03	0.000000E+00	0.000000E+00
5.550875000000E+04	1.546648E-04	2.051407E-03	0.000000E+00	0.000000E+00
5.551000000000E+04	1.552629E-04	2.056832E-03	0.000000E+00	0.000000E+00
5.551125000000E+04	1.674654E-04	2.082047E-03	0.000000E+00	0.000000E+00
5.551250000000E+04	1.601335E-04	2.088269E-03	0.000000E+00	0.000000E+00
5.551375000000E+04	1.723280E-04	2.096883E-03	0.000000E+00	0.000000E+00
5.551500000000E+04	1.842717E-04	2.100086E-03	0.000000E+00	0.000000E+00
5.551625000000E+04	1.755191E-04	2.113489E-03	0.000000E+00	0.000000E+00
5.551750000000E+04	1.909673E-04	2.110083E-03	0.000000E+00	0.000000E+00
5.551875000000E+04	1.882426E-04	2.109580E-03	0.000000E+00	0.000000E+00
5.552000000000E+04	1.815403E-04	2.105747E-03	0.000000E+00	0.000000E+00
5.552125000000E+04	1.975690E-04	2.136587E-03	0.000000E+00	0.000000E+00
5.552250000000E+04	2.042435E-04	2.137672E-03	0.000000E+00	0.000000E+00
5.552375000000E+04	1.968497E-04	2.127295E-03	0.000000E+00	0.000000E+00
5.552500000000E+04	2.113381E-04	2.153578E-03	0.000000E+00	0.000000E+00
5.552625000000E+04	2.082892E-04	2.164846E-03	0.000000E+00	0.000000E+00
5.552750000000E+04	2.145703E-04	2.165700E-03	0.000000E+00	0.000000E+00
5.552875000000E+04	2.098957E-04	2.166242E-03	0.000000E+00	0.000000E+00
5.553000000000E+04	2.297415E-04	2.190183E-03	0.000000E+00	0.000000E+00
5.553125000000E+04	2.309538E-04	2.192609E-03	0.000000E+00	0.000000E+00
5.553250000000E+04	2.236107E-04	2.199590E-03	0.000000E+00	0.000000E+00
5.553375000000E+04	2.465082E-04	2.218878E-03	0.000000E+00	0.000000E+00
5.553500000000E+04	2.502420E-04	2.201805E-03	0.000000E+00	0.000000E+00
5.553625000000E+04	2.529597E-04	2.228427E-03	0.000000E+00	0.000000E+00
5.553750000000E+04	2.596143E-04	2.236140E-03	0.000000E+00	0.000000E+00
5.553875000000E+04	2.577117E-04	2.241734E-03	0.000000E+00	0.000000E+00
5.554000000000E+04	2.630927E-04	2.262954E-03	0.000000E+00	0.000000E+00
5.554125000000E+04	2.764502E-04	2.263464E-03	0.000000E+00	0.000000E+00
5.554250000000E+04	2.768515E-04	2.272130E-03	0.000000E+00	0.000000E+00
5.554375000000E+04	2.945439E-04	2.274466E-03	0.000000E+00	0.000000E+00
5.554500000000E+04	2.903722E-04	2.306806E-03	0.000000E+00	0.000000E+00
5.554625000000E+04	3.071486E-04	2.293044E-03	0.000000E+00	0.000000E+00
5.554750000000E+04	3.046504E-04	2.315079E-03	0.000000E+00	0.000000E+00
5.554875000000E+04	3.243056E-04	2.335744E-03	0.000000E+00	0.000000E+00
5.555000000000E+04	3.236801E-04	2.349073E-03	0.000000E+00	0.000000E+00
5.555125000000E+04	3.303186E-04	2.363164E-03	0.000000E+00	0.000000E+00
5.555250000000E+04	3.514839E-04	2.354425E-03	0.000000E+00	0.000000E+00
5.555375000000E+04	3.711907E-04	2.378389E-03	0.000000E+00	0.000000E+00
5.555500000000E+04	3.603887E-04	2.395719E-03	0.000000E+00	0.000000E+00
5.555625000000E+04	3.955821E-04	2.405634E-03	0.000000E+00	0.000000E+00
5.555750000000E+04	3.952807E-04	2.407245E-03	0.000000E+00	0.000000E+00
5.555875000000E+04	3.938283E-04	2.449806E-03	0.000000E+00	0.000000E+00
5.556000000000E+04	4.243900E-04	2.447507E-03	0.000000E+00	0.000000E+00
5.556125000000E+04	4.505584E-04	2.457354E-03	0.000000E+00	0.000000E+00
5.556250000000E+04	4.518538E-04	2.475540E-03	0.000000E+00	0.000000E+00
5.556375000000E+04	4.612563E-04	2.490555E-03	0.000000E+00	0.000000E+00
5.556500000000E+04	4.934013E-04	2.507015E-03	0.000000E+00	0.000000E+00
5.556625000000E+04	4.917507E-04	2.524158E-03	0.000000E+00	0.000000E+00
5.556750000000E+04	5.055348E-04	2.537161E-03	0.000000E+00	0.000000E+00
5.556875000000E+04	5.256973E-04	2.560930E-03	0.000000E+00	0.000000E+00
5.557000000000E+04	5.516199E-04	2.579488E-03	0.000000E+00	0.000000E+00
5.557125000000E+04	5.714634E-04	2.585557E-03	0.000000E+00	0.000000E+00
5.557250000000E+04	5.976729E-04	2.607693E-03	0.000000E+00	0.000000E+00
5.557375000000E+04	6.335508E-04	2.623837E-03	0.000000E+00	0.000000E+00
5.557500000000E+04	6.629239E-04	2.630583E-03	0.000000E+00	0.000000E+00
5.557625000000E+04	6.844446E-04	2.660464E-03	0.000000E+00	0.000000E+00
5.557750000000E+04	7.135458E-04	2.680129E-03	0.000000E+00	0.000000E+00
5.557875000000E+04	7.441663E-04	2.687160E-03	0.000000E+00	0.000000E+00
5.558000000000E+04	7.793658E-04	2.719191E-03	0.000000E+00	0.000000E+00
5.558125000000E+04	8.076553E-04	2.722706E-03	0.000000E+00	0.000000E+00
5.558250000000E+04	8.629476E-04	2.749558E-03	0.000000E+00	0.000000E+00
5.558375000000E+04	8.599726E-04	2.767998E-03	0.000000E+00	0.000000E+00
5.558500000000E+04	9.365282E-04	2.768929E-03	0.000000E+00	0.000000E+00
5.558625000000E+04	9.623069E-04	2.804555E-03	0.000000E+00	0.000000E+00
5.558750000000E+04	1.022167E-03	2.827946E-03	0.000000E+00	0.000000E+00
5.558875000000E+04	1.069272E-03	2.829545E-03	0.000000E+00	0.000000E+00
5.559000000000E+04	1.113700E-03	2.836240E-03	0.000000E+00	0.000000E+00
5.559125000000E+04	1.179331E-03	2.853819E-03	0.000000E+00	0.000000E+00
5.559250000000E+04	1.248312E-03	2.856787E-03	0.000000E+00	0.000000E+00
5.559375000000E+04	1.303684E-03	2.869750E-03	0.000000E+00	0.000000E+00
5.559500000000E+04	1.371997E-03	2.875447E-03	0.000000E+00	0.000000E+00
5.559625000000E+04	1.446420E-03	2.862934E-03	0.000000E+00	0.000000E+00
5.559750000000E+04	1.521794E-03	2.886704E-03	0.000000E+00	0.000000E+00
5.559875000000E+04	1.599103E-03	2.878198E-03	0.000000E+00	0.000000E+00
5.560000000000E+04	1.683831E-03	2.864926E-03	0.000000E+00	0.000000E+00
5.560125000000E+04	1.772657E-03	2.851809E-03	0.000000E+00	0.000000E+00
5.560250000000E+04	1.858055E-03	2.816837E-03	0.000000E+00	0.000000E+00
5.560375000000E+04	1.953412E-03	2.796677E-03	0.000000E+00	0.000000E+00
5.560500000000E+04	2.042000E-03	2.767530E-03	0.000000E+00	0.000000E+00
5.560625000000E+04	2.130534E-03	2.717008E-03	0.000000E+00	0.000000E+00
5.560750000000E+04	2.251499E-03	2.659795E-03	0.000000E+00	0.000000E+00
5.560875000000E+04	2.347410E-03	2.593921E-03	0.000000E+00	0.000000E+00
5.561000000000E+04	2.433148E-03	2.506389E-03	0.000000E+00	0.000000E+00
5.561125000000E+04	2.519634E-03	2.434729E-03	0.000000E+00	0.000000E+00
5.561250000000E+04	2.608499E-03	2.334855E-03	0.000000E+00	0.000000E+00
5.561375000000E+04	2.690706E-03	2.214599E-03	0.000000E+00	0.000000E+00
5.561500000000E+04	2.748853E-03	2.084451E-03	0.000000E+00	0.000000E+00
5.561625000000E+04	2.794695E-03	1.983815E-03	0.000000E+00	0.000000E+00
5.561750000000E+04	2.854664E-03	1.837945E-03	0.000000E+00	0.000000E+00
5.561875000000E+04	2.887569E-03	1.700396E-03	0.000000E+00	0.000000E+00
5.562000000000E+04	2.905616E-03	1.561763E-03	0.000000E+00	0.000000E+00
5.562125000000E+04	2.896133E-03	1.414797E-03	0.000000E+00	0.000000E+00
5.562250000000E+04	2.897051E-03	1.280522E-03	0.000000E+00	0.000000E+00
5.562375000000E+04	2.885202E-03	1.150917E-03	0.000000E+00	0.000000E+00
5.562500000000E+04	2.845923E-03	1.011302E-03	0.000000E+00	0.000000E+00
5.562625000000E+04	2.792211E-03	8.991709E-04	0.000000E+00	0.000000E+00
5.562750000000E+04	2.729146E-03	7.780044E-04	0.000000E+00	0.000000E+00
5.562875000000E+04	2.683772E-03	6.768245E-04	0.000000E+00	0.000000E+00
5.563000000000E+04	2.620214E-03	5.845580E-04	0.000000E+00	0.000000E+00
5.563125000000E+04	2.547274E-03	4.856659E-04	0.000000E+00	0.000000E+00
5.563250000000E+04	2.465017E-03	3.928735E-04	0.000000E+00	0.000000E+00
5.563375000000E+04	2.388282E-03	3.538344E-04	0.000000E+00	0.000000E+00
5.563500000000E+04	2.304226E-03	2.585839E-04	0.000000E+00	0.000000E+00
5.563625000000E+04	2.218670E-03	2.173513E-04	0.000000E+00	0.000000E+00
5.563750000000E+04	2.131455E-03	1.709028E-04	0.000000E+00	0.000000E+00
5.563875000000E+04	2.040005E-03	1.171281E-04	0.000000E+00	0.000000E+00
5.564000000000E+04	1.961222E-03	9.999513E-05	0.000000E+00	0.000000E+00
5.564125000000E+04	1.898260E-03	7.780681E-05	0.000000E+00	0.000000E+00
5.564250000000E+04	1.806214E-03	5.458724E-05	0.000000E+00	0.000000E+00
5.564375000000E+04	1.715350E-03	4.336827E-05	0.000000E+00	0.000000E+00
5.564500000000E+04	1.664988E-03	4.528746E-05	0.000000E+00	0.000000E+00
5.564625000000E+04	1.600323E-03	1.329517E-05	0.000000E+00	0.000000E+00
5.564750000000E+04	1.518718E-03	1.521788E-05	0.000000E+00	0.000000E+00
5.564875000000E+04	1.445044E-03	1.395861E-05	0.000000E+00	0.000000E+00
5.565000000000E+04	1.392725E-03	2.350261E-06	0.000000E+00	0.000000E+00
5.565125000000E+04	1.345598E-03	2.764747E-05	0.000000E+00	0.000000E+00
5.565250000000E+04	1.275579E-03	3.575698E-05	0.000000E+00	0.000000E+00
5.565375000000E+04	1.225691E-03	4.276326E-05	0.000000E+00	0.000000E+00
5.565500000000E+04	1.189478E-03	5.434908E-05	0.000000E+00	0.000000E+00
5.565625000000E+04	1.144326E-03	7.470424E-05	0.000000E+00	0.000000E+00
5.565750000000E+04	1.080380E-03	6.917342E-05	0.000000E+00	0.000000E+00
5.565875000000E+04	1.042871E-03	7.919151E-05	0.000000E+00	0.000000E+00
5.566000000000E+04	9.995224E-04	9.555560E-05	0.000000E+00	0.000000E+00
5.566125000000E+04	9.650657E-04	1.113265E-04	0.000000E+00	0.000000E+00
5.566250000000E+04	9.274557E-04	1.417699E-04	0.000000E+00	0.000000E+00
5.566375000000E+04	8.973210E-04	1.546824E-04	0.000000E+00	0.000000E+00
5.566500000000E+04	8.672065E-04	1.637580E-04	0.000000E+00	0.000000E+00
5.566625000000E+04	8.175336E-04	1.804710E-04	0.000000E+00	0.000000E+00
5.566750000000E+04	7.972780E-04	1.841169E-04	0.000000E+00	0.000000E+00
5.566875000000E+04	7.583415E-04	1.985483E-04	0.000000E+00	0.000000E+00
5.567000000000E+04	7.361996E-04	2.304993E-04	0.000000E+00	0.000000E+00
5.567125000000E+04	7.189446E-04	2.430505E-04	0.000000E+00	0.000000E+00
5.567250000000E+04	6.822374E-04	2.502899E-04	0.000000E+00	0.000000E+00
5.567375000000E+04	6.560658E-04	2.674774E-04	0.000000E+00	0.000000E+00
5.567500000000E+04	6.468258E-04	2.707286E-04	0.000000E+00	0.000000E+00
5.567625000000E+04	6.124825E-04	3.030817E-04	0.000000E+00	0.000000E+00
5.567750000000E+04	5.918812E-04	3.230826E-04	0.000000E+00	0.000000E+00
5.567875000000E+04	5.785566E-04	3.276010E-04	0.000000E+00	0.000000E+00
5.568000000000E+04	5.692182E-04	3.316973E-04	0.000000E+00	0.000000E+00
5.568125000000E+04	5.393786E-04	3.704996E-04	0.000000E+00	0.000000E+00
5.568250000000E+04	5.279544E-04	3.690936E-04	0.000000E+00	0.000000E+00
5.568375000000E+04	5.180537E-04	3.835299E-04	0.000000E+00	0.000000E+00
5.568500000000E+04	4.967864E-04	3.884900E-04	0.000000E+00	0.000000E+00
5.568625000000E+04	4.924808E-04	4.198872E-04	0.000000E+00	0.000000E+00
5.568750000000E+04	4.571661E-04	4.378943E-04	0.000000E+00	0.000000E+00
5.568875000000E+04	4.407492E-04	4.444459E-04	0.000000E+00	0.000000E+00
5.569000000000E+04	4.390958E-04	4.503380E-04	0.000000E+00	0.000000E+00
5.569125000000E+04	4.271583E-04	4.569219E-04	0.000000E+00	0.000000E+00
5.569250000000E+04	4.050870E-04	4.772445E-04	0.000000E+00	0.000000E+00
5.569375000000E+04	4.043831E-04	4.972304E-04	0.000000E+00	0.000000E+00
5.569500000000E+04	3.958523E-04	5.017776E-04	0.000000E+00	0.000000E+00
5.569625000000E+04	3.761153E-04	5.037126E-04	0.000000E+00	0.000000E+00
5.569750000000E+04	3.597137E-04	5.389382E-04	0.000000E+00	0.000000E+00
5.569875000000E+04	3.563067E-04	5.470646E-04	0.000000E+00	0.000000E+00
5.570000000000E+04	3.420931E-04	5.521068E-04	0.000000E+00	0.000000E+00
5.570125000000E+04	3.450466E-04	5.538272E-04	0.000000E+00	0.000000E+00
5.570250000000E+04	3.309955E-04	5.654359E-04	0.000000E+00	0.000000E+00
5.570375000000E+04	3.182318E-04	5.882391E-04	0.000000E+00	0.000000E+00
5.570500000000E+04	3.077932E-04	5.885233E-04	0.000000E+00	0.000000E+00
5.570625000000E+04	3.050597E-04	6.078532E-04	0.000000E+00	0.000000E+00
5.570750000000E+04	2.965723E-04	6.087912E-04	0.000000E+00	0.000000E+00
5.570875000000E+04	2.852420E-04	6.285316E-04	0.000000E+00	0.000000E+00
5.571000000000E+04	2.799196E-04	6.302877E-04	0.000000E+00	0.000000E+00
5.571125000000E+04	2.773284E-04	6.433107E-04	0.000000E+00	0.000000E+00
5.571250000000E+04	2.621153E-04	6.468017E-04	0.000000E+00	0.000000E+00
5.571375000000E+04	2.650860E-04	6.515377E-04	0.000000E+00	0.000000E+00
5.571500000000E+04	2.512275E-04	6.736396E-04	0.000000E+00	0.000000E+00
5.571625000000E+04	2.391425E-04	6.834716E-04	0.000000E+00	0.000000E+00
5.571750000000E+04	2.422672E-04	7.006642E-04	0.000000E+00	0.000000E+00
5.571875000000E+04	2.494607E-04	7.040365E-04	0.000000E+00	0.000000E+00
5.572000000000E+04	2.163186E-04	7.200420E-04	0.000000E+00	0.000000E+00
5.572125000000E+04	2.372103E-04	7.192937E-04	0.000000E+00	0.000000E+00
5.572250000000E+04	2.100159E-04	7.087955E-04	0.000000E+00	0.000000E+00
5.572375000000E+04	2.124665E-04	7.297277E-04	0.000000E+00	0.000000E+00
5.572500000000E+04	2.155730E-04	7.311127E-04	0.000000E+00	0.000000E+00
5.572625000000E+04	2.043078E-04	7.409960E-04	0.000000E+00	0.000000E+00
5.572750000000E+04	2.100069E-04	7.666949E-04	0.000000E+00	0.000000E+00
5.572875000000E+04	2.009560E-04	7.625822E-04	0.000000E+00	0.000000E+00
5.573000000000E+04	1.942873E-04	7.761520E-04	0.000000E+00	0.000000E+00
5.573125000000E+04	2.033005E-04	7.896136E-04	0.000000E+00	0.000000E+00
5.573250000000E+04	1.791285E-04	7.730499E-04	0.000000E+00	0.000000E+00
5.573375000000E+04	1.939879E-04	7.951591E-04	0.000000E+00	0.000000E+00
5.573500000000E+04	1.840860E-04	7.956872E-04	0.000000E+00	0.000000E+00
5.573625000000E+04	1.776808E-04	8.084059E-04	0.000000E+00	0.000000E+00
5.573750000000E+04	1.644760E-04	8.182100E-04	0.000000E+00	0.000000E+00
5.573875000000E+04	1.735113E-04	8.174419E-04	0.000000E+00	0.000000E+00
5.574000000000E+04	1.630789E-04	8.333236E-04	0.000000E+00	0.000000E+00
5.574125000000E+04	1.581080E-04	8.392446E-04	0.000000E+00	0.000000E+00
5.574250000000E+04	1.633398E-04	8.344309E-04	0.000000E+00	0.000000E+00
5.574375000000E+04	1.512763E-04	8.501150E-04	0.000000E+00	0.000000E+00
5.574500000000E+04	1.496619E-04	8.600166E-04	0.000000E+00	0.000000E+00
5.574625000000E+04	1.485636E-04	8.477224E-04	0.000000E+00	0.000000E+00
5.574750000000E+04	1.464287E-04	8.720831E-04	0.000000E+00	0.000000E+00
5.574875000000E+04	1.389733E-04	8.639645E-04	0.000000E+00	0.000000E+00
5.575000000000E+04	1.432266E-04	8.776755E-04	0.000000E+00	0.000000E+00
5.575125000000E+04	1.348262E-04	8.815323E-04	0.000000E+00	0.000000E+00
5.575250000000E+04	1.393805E-04	8.920731E-04	0.000000E+00	0.000000E+00
5.575375000000E+04	1.402668E-04	8.862403E-04	0.000000E+00	0.000000E+00
5.575500000000E+04	1.328837E-04	8.937749E-04	0.000000E+00	0.000000E+00
5.575625000000E+04	1.367549E-04	9.060234E-04	0.000000E+00	0.000000E+00
5.575750000000E+04	1.433474E-04	9.005067E-04	0.000000E+00	0.000000E+00
5.575875000000E+04	1.147637E-04	9.130434E-04	0.000000E+00	0.000000E+00
5.576000000000E+04	1.236583E-04	9.176622E-04	0.000000E+00	0.000000E+00
5.576125000000E+04	1.258128E-04	9.283220E-04	0.000000E+00	0.000000E+00
5.576250000000E+04	1.214773E-04	9.294318E-04	0.000000E+00	0.000000E+00
5.576375000000E+04	1.193582E-04	9.550794E-04	0.000000E+00	0.000000E+00
5.576500000000E+04	1.217457E-04	9.234101E-04	0.000000E+00	0.000000E+00
5.576625000000E+04	1.219325E-04	9.428746E-04	0.000000E+00	0.000000E+00
5.576750000000E+04	1.232618E-04	9.412388E-04	0.000000E+00	0.000000E+00
5.576875000000E+04	1.166687E-04	9.428258E-04	0.000000E+00	0.000000E+00
5.577000000000E+04	1.124660E-04	9.567308E-04	0.000000E+00	0.000000E+00
5.577125000000E+04	1.125418E-04	9.571902E-04	0.000000E+00	0.000000E+00
5.577250000000E+04	9.797185E-05	9.521443E-04	0.000000E+00	0.000000E+00
5.577375000000E+04	9.460285E-05	9.654875E-04	0.000000E+00	0.000000E+00
5.577500000000E+04	1.063766E-04	9.577736E-04	0.000000E+00	0.000000E+00
5.577625000000E+04	1.134672E-04	9.637735E-04	0.000000E+00	0.000000E+00
5.577750000000E+04	1.019885E-04	9.882293E-04	0.000000E+00	0.000000E+00
5.577875000000E+04	1.073751E-04	9.796643E-04	0.000000E+00	0.000000E+00
5.578000000000E+04	9.426144E-05	9.861487E-04	0.000000E+00	0.000000E+00
5.578125000000E+04	9.911914E-05	9.920700E-04	0.000000E+00	0.000000E+00
5.578250000000E+04	9.604183E-05	9.983749E-04	0.000000E+00	0.000000E+00
5.578375000000E+04	1.025115E-04	1.001088E-03	0.000000E+00	0.000000E+00
5.578500000000E+04	9.044717E-05	1.019081E-03	0.000000E+00	0.000000E+00
5.578625000000E+04	8.772429E-05	1.000046E-03	0.000000E+00	0.000000E+00
5.578750000000E+04	8.615461E-05	1.000419E-03	0.000000E+00	0.000000E+00
5.578875000000E+04	9.722943E-05	1.015549E-03	0.000000E+00	0.000000E+00
5.579000000000E+04	8.939598E-05	1.013413E-03	0.000000E+00	0.000000E+00
5.579125000000E+04	8.694081E-05	1.016428E-03	0.000000E+00	0.000000E+00
5.579250000000E+04	8.129780E-05	1.025116E-03	0.000000E+00	0.000000E+00
5.579375000000E+04	7.718796E-05	1.021726E-03	0.000000E+00	0.000000E+00
5.579500000000E+04	8.637979E-05	1.033159E-03	0.000000E+00	0.000000E+00
5.579625000000E+04	8.494098E-05	1.034916E-03	0.000000E+00	0.000000E+00
5.579750000000E+04	7.632971E-05	1.039106E-03	0.000000E+00	0.000000E+00
5.579875000000E+04	8.914631E-05	1.036207E-03	0.000000E+00	0.000000E+00
5.580000000000E+04	7.303540E-05	1.046062E-03	0.000000E+00	0.000000E+00
5.580125000000E+04	8.508671E-05	1.027487E-03	0.000000E+00	0.000000E+00
5.580250000000E+04	7.522132E-05	1.051248E-03	0.000000E+00	0.000000E+00
5.580375000000E+04	5.936811E-05	1.055178E-03	0.000000E+00	0.000000E+00
5.580500000000E+04	6.747418E-05	1.064267E-03	0.000000E+00	0.000000E+00
5.580625000000E+04	7.802956E-05	1.046401E-03	0.000000E+00	0.000000E+00
5.580750000000E+04	6.962948E-05	1.047899E-03	0.000000E+00	0.000000E+00
5.580875000000E+04	7.837240E-05	1.066611E-03	0.000000E+00	0.000000E+00
5.581000000000E+04	7.939546E-05	1.064530E-03	0.000000E+00	0.000000E+00
5.581125000000E+04	7.845177E-05	1.070346E-03	0.000000E+00	0.000000E+00
5.581250000000E+04	6.732014E-05	1.076450E-03	0.000000E+00	0.000000E+00
5.581375000000E+04	7.199210E-05	1.078199E-03	0.000000E+00	0.000000E+00
5.581500000000E+04	8.416482E-05	1.062366E-03	0.000000E+00	0.000000E+00
5.581625000000E+04	6.358346E-05	1.066479E-03	0.000000E+00	0.000000E+00
5.581750000000E+04	6.392444E-05	1.082736E-03	0.000000E+00	0.000000E+00
5.581875000000E+04	5.837561E-05	1.079566E-03	0.000000E+00	0.000000E+00
5.582000000000E+04	7.133648E-05	1.096720E-03	0.000000E+00	0.000000E+00
5.582125000000E+04	6.443818E-05	1.082484E-03	0.000000E+00	0.000000E+00
5.582250000000E+04	7.205606E-05	1.092162E-03	0.000000E+00	0.000000E+00
5.582375000000E+04	6.511995E-05	1.099111E-03	0.000000E+00	0.000000E+00
5.582500000000E+04	5.881089E-05	1.100053E-03	0.000000E+00	0.000000E+00
5.582625000000E+04	6.052514E-05	1.097480E-03	0.000000E+00	0.000000E+00
5.582750000000E+04	5.358060E-05	1.095745E-03	0.000000E+00	0.000000E+00
5.582875000000E+04	6.067071E-05	1.102730E-03	0.000000E+00	0.000000E+00
5.583000000000E+04	6.399021E-05	1.101434E-03	0.000000E+00	0.000000E+00
5.583125000000E+04	7.095258E-05	1.100889E-03	0.000000E+00	0.000000E+00
5.583250000000E+04	5.782945E-05	1.108174E-03	0.000000E+00	0.000000E+00
5.583375000000E+04	6.841999E-05	1.106655E-03	0.000000E+00	0.000000E+00
5.583500000000E+04	5.661061E-05	1.114551E-03	0.000000E+00	0.000000E+00
5.583625000000E+04	5.884155E-05	1.125699E-03	0.000000E+00	0.000000E+00
5.583750000000E+04	6.336179E-05	1.112537E-03	0.000000E+00	0.000000E+00
5.583875000000E+04	5.773232E-05	1.125655E-03	0.000000E+00	0.000000E+00
5.584000000000E+04	4.955359E-05	1.113653E-03	0.000000E+00	0.000000E+00
5.584125000000E+04	4.322008E-05	1.128212E-03	0.000000E+00	0.000000E+00
5.584250000000E+04	6.585749E-05	1.130174E-03	0.000000E+00	0.000000E+00
5.584375000000E+04	4.875056E-05	1.118878E-03	0.000000E+00	0.000000E+00
5.584500000000E+04	5.847927E-05	1.133790E-03	0.000000E+00	0.000000E+00
5.584625000000E+04	5.545140E-05	1.136071E-03	0.000000E+00	0.000000E+00
5.584750000000E+04	5.552382E-05	1.138318E-03	0.000000E+00	0.000000E+00
5.584875000000E+04	5.487903E-05	1.144594E-03	0.000000E+00	0.000000E+00
5.585000000000E+04	4.787532E-05	1.148718E-03	0.000000E+00	0.000000E+00
5.585125000000E+04	5.827245E-05	1.140982E-03	0.000000E+00	0.000000E+00
5.585250000000E+04	4.382585E-05	1.144228E-03	0.000000E+00	0.000000E+00
5.585375000000E+04	4.143840E-05	1.133866E-03	0.000000E+00	0.000000E+00
5.585500000000E+04	5.834063E-05	1.143342E-03	0.000000E+00	0.000000E+00
5.585625000000E+04	5.050901E-05	1.151184E-03	0.000000E+00	0.000000E+00
5.585750000000E+04	6.213131E-05	1.147490E-03	0.000000E+00	0.000000E+00
5.585875000000E+04	5.587158E-05	1.151708E-03	0.000000E+00	0.000000E+00
5.586000000000E+04	5.420700E-05	1.155955E-03	0.000000E+00	0.000000E+00
5.586125000000E+04	5.178686E-05	1.170903E-03	0.000000E+00	0.000000E+00
5.586250000000E+04	5.065832E-05	1.147598E-03	0.000000E+00	0.000000E+00
5.586375000000E+04	5.207120E-05	1.152324E-03	0.000000E+00	0.000000E+00
5.586500000000E+04	5.025174E-05	1.153415E-03	0.000000E+00	0.000000E+00
5.586625000000E+04	4.952155E-05	1.163605E-03	0.000000E+00	0.000000E+00
5.586750000000E+04	4.081565E-05	1.172636E-03	0.000000E+00	0.000000E+00
5.586875000000E+04	5.031069E-05	1.167526E-03	0.000000E+00	0.000000E+00
5.587000000000E+04	5.161903E-05	1.160092E-03	0.000000E+00	0.000000E+00
5.587125000000E+04	5.088638E-05	1.166151E-03	0.000000E+00	0.000000E+00
5.587250000000E+04	4.612935E-05	1.179113E-03	0.000000E+00	0.000000E+00
5.587375000000E+04	4.191935E-05	1.173181E-03	0.000000E+00	0.000000E+00
5.587500000000E+04	3.324305E-05	1.174191E-03	0.000000E+00	0.000000E+00
5.587625000000E+04	4.276771E-05	1.171053E-03	0.000000E+00	0.000000E+00
5.587750000000E+04	4.667496E-05	1.187354E-03	0.000000E+00	0.000000E+00
5.587875000000E+04	4.391751E-05	1.175439E-03	0.000000E+00	0.000000E+00
5.588000000000E+04	4.644954E-05	1.177666E-03	0.000000E+00	0.000000E+00
5.588125000000E+04	5.165860E-05	1.185538E-03	0.000000E+00	0.000000E+00
5.588250000000E+04	2.907721E-05	1.193081E-03	0.000000E+00	0.000000E+00
5.588375000000E+04	5.012315E-05	1.180838E-03	0.000000E+00	0.000000E+00
5.588500000000E+04	4.152831E-05	1.173261E-03	0.000000E+00	0.000000E+00
5.588625000000E+04	5.362896E-05	1.189995E-03	0.000000E+00	0.000000E+00
5.588750000000E+04	5.053973E-05	1.179186E-03	0.000000E+00	0.000000E+00
5.588875000000E+04	3.781588E-05	1.205422E-03	0.000000E+00	0.000000E+00
5.589000000000E+04	3.427801E-05	1.195991E-03	0.000000E+00	0.000000E+00
5.589125000000E+04	4.874901E-05	1.189532E-03	0.000000E+00	0.000000E+00
5.589250000000E+04	5.063655E-05	1.208826E-03	0.000000E+00	0.000000E+00
5.589375000000E+04	3.446659E-05	1.187851E-03	0.000000E+00	0.000000E+00
5.589500000000E+04	4.532870E-05	1.195393E-03	0.000000E+00	0.000000E+00
5.589625000000E+04	5.249399E-05	1.194690E-03	0.000000E+00	0.000000E+00
5.589750000000E+04	5.736908E-05	1.198893E-03	0.000000E+00	0.000000E+00
5.589875000000E+04	5.811518E-05	1.204169E-03	0.000000E+00	0.000000E+00
5.590000000000E+04	4.246789E-05	1.199535E-03	0.000000E+00	0.000000E+00
5.590125000000E+04	4.141165E-05	1.191871E-03	0.000000E+00	0.000000E+00
5.590250000000E+04	4.939435E-05	1.212719E-03	0.000000E+00	0.000000E+00
5.590375000000E+04	3.985916E-05	1.206484E-03	0.000000E+00	0.000000E+00
5.590500000000E+04	3.869253E-05	1.192123E-03	0.000000E+00	0.000000E+00
5.590625000000E+04	5.058189E-05	1.206313E-03	0.000000E+00	0.000000E+00
5.590750000000E+04	4.074013E-05	1.216436E-03	0.000000E+00	0.000000E+00
5.590875000000E+04	3.434898E-05	1.203709E-03	0.000000E+00	0.000000E+00
5.591000000000E+04	4.490788E-05	1.212394E-03	0.000000E+00	0.000000E+00
5.591125000000E+04	4.247444E-05	1.218636E-03	0.000000E+00	0.000000E+00
5.591250000000E+04	2.661857E-05	1.198434E-03	0.000000E+00	0.000000E+00
5.591375000000E+04	3.606613E-05	1.226085E-03	0.000000E+00	0.000000E+00
5.591500000000E+04	3.321761E-05	1.225265E-03	0.000000E+00	0.000000E+00
5.591625000000E+04	2.911058E-05	1.212645E-03	0.000000E+00	0.000000E+00
5.591750000000E+04	4.316035E-05	1.214153E-03	0.000000E+00	0.000000E+00
5.591875000000E+04	3.892604E-05	1.218184E-03	0.000000E+00	0.000000E+00
5.592000000000E+04	4.756883E-05	1.228242E-03	0.000000E+00	0.000000E+00
5.592125000000E+04	5.002377E-05	1.226823E-03	0.000000E+00	0.000000E+00
5.592250000000E+04	5.188381E-05	1.234940E-03	0.000000E+00	0.000000E+00
5.592375000000E+04	2.304577E-05	1.223944E-03	0.000000E+00	0.000000E+00
5.592500000000E+04	3.458918E-05	1.230060E-03	0.000000E+00	0.000000E+00
5.592625000000E+04	3.390731E-05	1.240908E-03	0.000000E+00	0.000000E+00
5.592750000000E+04	4.024478E-05	1.227051E-03	0.000000E+00	0.000000E+00
5.592875000000E+04	3.323673E-05	1.224468E-03	0.000000E+00	0.000000E+00
5.593000000000E+04	3.214549E-05	1.230454E-03	0.000000E+00	0.000000E+00
5.593125000000E+04	4.050510E-05	1.228280E-03	0.000000E+00	0.000000E+00
5.593250000000E+04	3.893357E-05	1.241395E-03	0.000000E+00	0.000000E+00
5.593375000000E+04	3.206468E-05	1.245927E-03	0.000000E+00	0.000000E+00
5.593500000000E+04	2.671317E-05	1.238591E-03	0.000000E+00	0.000000E+00
5.593625000000E+04	3.807414E-05	1.245407E-03	0.000000E+00	0.000000E+00
5.593750000000E+04	4.111170E-05	1.241385E-03	0.000000E+00	0.000000E+00
5.593875000000E+04	3.443315E-05	1.246824E-03	0.000000E+00	0.000000E+00
5.594000000000E+04	3.123218E-05	1.234973E-03	0.000000E+00	0.000000E+00
5.594125000000E+04	2.914312E-05	1.237830E-03	0.000000E+00	0.000000E+00
5.594250000000E+04	4.281936E-05	1.254256E-03	0.000000E+00	0.000000E+00
5.594375000000E+04	1.952362E-05	1.243149E-03	0.000000E+00	0.000000E+00
5.594500000000E+04	3.839616E-05	1.246557E-03	0.000000E+00	0.000000E+00
5.594625000000E+04	3.367285E-05	1.254805E-03	0.000000E+00	0.000000E+00
5.594750000000E+04	3.119432E-05	1.251740E-03	0.000000E+00	0.000000E+00
5.594875000000E+04	4.045796E-05	1.237420E-03	0.000000E+00	0.000000E+00
5.595000000000E+04	2.644824E-05	1.242621E-03	0.000000E+00	0.000000E+00
5.595125000000E+04	4.018296E-05	1.230508E-03	0.000000E+00	0.000000E+00
5.595250000000E+04	3.097885E-05	1.249975E-03	0.000000E+00	0.000000E+00
5.595375000000E+04	3.898405E-05	1.261440E-03	0.000000E+00	0.000000E+00
5.595500000000E+04	2.097559E-05	1.248604E-03	0.000000E+00	0.000000E+00
5.595625000000E+04	3.806436E-05	1.262689E-03	0.000000E+00	0.000000E+00
5.595750000000E+04	4.597065E-05	1.261406E-03	0.000000E+00	0.000000E+00
5.595875000000E+04	3.428861E-05	1.229627E-03	0.000000E+00	0.000000E+00
5.596000000000E+04	3.307216E-05	1.253789E-03	0.000000E+00	0.000000E+00
5.596125000000E+04	4.431584E-05	1.249543E-03	0.000000E+00	0.000000E+00
5.596250000000E+04	2.795489E-05	1.256318E-03	0.000000E+00	0.000000E+00
5.596375000000E+04	3.077825E-05	1.259592E-03	0.000000E+00	0.000000E+00
5.596500000000E+04	2.874459E-05	1.274985E-03	0.000000E+00	0.000000E+00
5.596625000000E+04	4.214300E-05	1.254707E-03	0.000000E+00	0.000000E+00
5.596750000000E+04	3.269130E-05	1.278695E-03	0.000000E+00	0.000000E+00
5.596875000000E+04	2.540932E-05	1.271124E-03	0.000000E+00	0.000000E+00
5.597000000000E+04	2.805278E-05	1.266816E-03	0.000000E+00	0.000000E+00
5.597125000000E+04	3.038259E-05	1.261880E-03	0.000000E+00	0.000000E+00
5.597250000000E+04	2.355309E-05	1.257064E-03	0.000000E+00	0.000000E+00
5.597375000000E+04	1.651832E-05	1.261452E-03	0.000000E+00	0.000000E+00
5.597500000000E+04	2.317471E-05	1.266029E-03	0.000000E+00	0.000000E+00
5.597625000000E+04	2.982300E-05	1.273089E-03	0.000000E+00	0.000000E+00
5.597750000000E+04	3.554405E-05	1.280437E-03	0.000000E+00	0.000000E+00
5.597875000000E+04	3.852313E-05	1.284811E-03	0.000000E+00	0.000000E+00
5.598000000000E+04	2.492987E-05	1.284692E-03	0.000000E+00	0.000000E+00
5.598125000000E+04	3.599737E-05	1.264736E-03	0.000000E+00	0.000000E+00
5.598250000000E+04	1.799832E-05	1.269642E-03	0.000000E+00	0.000000E+00
5.598375000000E+04	3.080839E-05	1.278486E-03	0.000000E+00	0.000000E+00
5.598500000000E+04	3.176990E-05	1.266465E-03	0.000000E+00	0.000000E+00
5.598625000000E+04	3.427401E-05	1.285417E-03	0.000000E+00	0.000000E+00
5.598750000000E+04	2.811197E-05	1.277404E-03	0.000000E+00	0.000000E+00
5.598875000000E+04	4.130890E-05	1.276040E-03	0.000000E+00	0.000000E+00
5.599000000000E+04	2.827996E-05	1.278916E-03	0.000000E+00	0.000000E+00
5.599125000000E+04	4.082118E-05	1.269695E-03	0.000000E+00	0.000000E+00
5.599250000000E+04	2.584054E-05	1.273708E-03	0.000000E+00	0.000000E+00
5.599375000000E+04	3.488304E-05	1.271436E-03	0.000000E+00	0.000000E+00
5.599500000000E+04	1.300684E-05	1.287084E-03	0.000000E+00	0.000000E+00
5.599625000000E+04	3.052947E-05	1.286042E-03	0.000000E+00	0.000000E+00
5.599750000000E+04	2.580785E-05	1.281593E-03	0.000000E+00	0.000000E+00
5.599875000000E+04	4.673619E-05	1.280419E-03	0.000000E+00	0.000000E+00
5.600000000000E+04	3.339947E-05	1.284765E-03	0.000000E+00	0.000000E+00
