5.100000000000E+04	2.151493E-04	2.070072E-03	0.000000E+00	0.000000E+00
5.100125000000E+04	2.114525E-04	2.064570E-03	0.000000E+00	0.000000E+00
5.100250000000E+04	2.059471E-04	2.081846E-03	0.000000E+00	0.000000E+00
5.100375000000E+04	2.111455E-04	2.072164E-03	0.000000E+00	0.000000E+00
5.100500000000E+04	2.243083E-04	2.090011E-03	0.000000E+00	0.000000E+00
5.100625000000E+04	2.243539E-04	2.097780E-03	0.000000E+00	0.000000E+00
5.100750000000E+04	2.170329E-04	2.074166E-03	0.000000E+00	0.000000E+00
5.100875000000E+04	2.196930E-04	2.089044E-03	0.000000E+00	0.000000E+00
5.101000000000E+04	2.257892E-04	2.083944E-03	0.000000E+00	0.000000E+00
5.101125000000E+04	2.293246E-04	2.074057E-03	0.000000E+00	0.000000E+00
5.101250000000E+04	2.239583E-04	2.075661E-03	0.000000E+00	0.000000E+00
5.101375000000E+04	2.276780E-04	2.109747E-03	0.000000E+00	0.000000E+00
5.101500000000E+04	2.323456E-04	2.080936E-03	0.000000E+00	0.000000E+00
5.101625000000E+04	2.235699E-04	2.095617E-03	0.000000E+00	0.000000E+00
5.101750000000E+04	2.224865E-04	2.097369E-03	0.000000E+00	0.000000E+00
5.101875000000E+04	2.234729E-04	2.074962E-03	0.000000E+00	0.000000E+00
5.102000000000E+04	2.205621E-04	2.093044E-03	0.000000E+00	0.000000E+00
5.102125000000E+04	2.391021E-04	2.085446E-03	0.000000E+00	0.000000E+00
5.102250000000E+04	2.284171E-04	2.088143E-03	0.000000E+00	0.000000E+00
5.102375000000E+04	2.251684E-04	2.096843E-03	0.000000E+00	0.000000E+00
5.102500000000E+04	2.248673E-04	2.100697E-03	0.000000E+00	0.000000E+00
5.102625000000E+04	2.310367E-04	2.091379E-03	0.000000E+00	0.000000E+00
5.102750000000E+04	2.350034E-04	2.099217E-03	0.000000E+00	0.000000E+00
5.102875000000E+04	2.456902E-04	2.097572E-03	0.000000E+00	0.000000E+00
5.103000000000E+04	2.371566E-04	2.098709E-03	0.000000E+00	0.000000E+00
5.103125000000E+04	2.314638E-04	2.108257E-03	0.000000E+00	0.000000E+00
5.103250000000E+04	2.488845E-04	2.094353E-03	0.000000E+00	0.000000E+00
5.103375000000E+04	2.350982E-04	2.097502E-03	0.000000E+00	0.000000E+00
5.103500000000E+04	2.468565E-04	2.112197E-03	0.000000E+00	0.000000E+00
5.103625000000E+04	2.442509E-04	2.123117E-03	0.000000E+00	0.000000E+00
5.103750000000E+04	2.491169E-04	2.111831E-03	0.000000E+00	0.000000E+00
5.103875000000E+04	2.534580E-04	2.120181E-03	0.000000E+00	0.000000E+00
5.104000000000E+04	2.422471E-04	2.116127E-03	0.000000E+00	0.000000E+00
5.104125000000E+04	2.450071E-04	2.109589E-03	0.000000E+00	0.000000E+00
5.104250000000E+04	2.562612E-04	2.114363E-03	0.000000E+00	0.000000E+00
5.104375000000E+04	2.510796E-04	2.103896E-03	0.000000E+00	0.000000E+00
5.104500000000E+04	2.614442E-04	2.114959E-03	0.000000E+00	0.000000E+00
5.104625000000E+04	2.507968E-04	2.113201E-03	0.000000E+00	0.000000E+00
5.104750000000E+04	2.640588E-04	2.120600E-03	0.000000E+00	0.000000E+00
5.104875000000E+04	2.530207E-04	2.124185E-03	0.000000E+00	0.000000E+00
5.105000000000E+04	2.760247E-04	2.123950E-03	0.000000E+00	0.000000E+00
5.105125000000E+04	2.613722E-04	2.114952E-03	0.000000E+00	0.000000E+00
5.105250000000E+04	2.648047E-04	2.126945E-03	0.000000E+00	0.000000E+00
5.105375000000E+04	2.632567E-04	2.120722E-03	0.000000E+00	0.000000E+00
5.105500000000E+04	2.575426E-04	2.117589E-03	0.000000E+00	0.000000E+00
5.105625000000E+04	2.671772E-04	2.126392E-03	0.000000E+00	0.000000E+00
5.105750000000E+04	2.662467E-04	2.128647E-03	0.000000E+00	0.000000E+00
5.105875000000E+04	2.606717E-04	2.125975E-03	0.000000E+00	0.000000E+00
5.106000000000E+04	2.699434E-04	2.134290E-03	0.000000E+00	0.000000E+00
5.106125000000E+04	2.618823E-04	2.144394E-03	0.000000E+00	0.000000E+00
5.106250000000E+04	2.720482E-04	2.140115E-03	0.000000E+00	0.000000E+00
5.106375000000E+04	2.681884E-04	2.128900E-03	0.000000E+00	0.000000E+00
5.106500000000E+04	2.635114E-04	2.121675E-03	0.000000E+00	0.000000E+00
5.106625000000E+04	2.728369E-04	2.125196E-03	0.000000E+00	0.000000E+00
5.106750000000E+04	2.643387E-04	2.134622E-03	0.000000E+00	0.000000E+00
5.106875000000E+04	2.639653E-04	2.129274E-03	0.000000E+00	0.000000E+00
5.107000000000E+04	2.629413E-04	2.146711E-03	0.000000E+00	0.000000E+00
5.107125000000E+04	2.775805E-04	2.146352E-03	0.000000E+00	0.000000E+00
5.107250000000E+04	2.660539E-04	2.143810E-03	0.000000E+00	0.000000E+00
5.107375000000E+04	2.762434E-04	2.145243E-03	0.000000E+00	0.000000E+00
5.107500000000E+04	2.744831E-04	2.152966E-03	0.000000E+00	0.000000E+00
5.107625000000E+04	2.710288E-04	2.137294E-03	0.000000E+00	0.000000E+00
5.107750000000E+04	2.901226E-04	2.141806E-03	0.000000E+00	0.000000E+00
5.107875000000E+04	2.708533E-04	2.137701E-03	0.000000E+00	0.000000E+00
5.108000000000E+04	2.731668E-04	2.149300E-03	0.000000E+00	0.000000E+00
5.108125000000E+04	2.741883E-04	2.160275E-03	0.000000E+00	0.000000E+00
5.108250000000E+04	2.924261E-04	2.162315E-03	0.000000E+00	0.000000E+00
5.108375000000E+04	2.822289E-04	2.157873E-03	0.000000E+00	0.000000E+00
5.108500000000E+04	2.783081E-04	2.155018E-03	0.000000E+00	0.000000E+00
5.108625000000E+04	2.900013E-04	2.156006E-03	0.000000E+00	0.000000E+00
5.108750000000E+04	2.890725E-04	2.145508E-03	0.000000E+00	0.000000E+00
5.108875000000E+04	2.794744E-04	2.156566E-03	0.000000E+00	0.000000E+00
5.109000000000E+04	2.893692E-04	2.164308E-03	0.000000E+00	0.000000E+00
5.109125000000E+04	2.850338E-04	2.180244E-03	0.000000E+00	0.000000E+00
5.109250000000E+04	2.828158E-04	2.176216E-03	0.000000E+00	0.000000E+00
5.109375000000E+04	2.879771E-04	2.169011E-03	0.000000E+00	0.000000E+00
5.109500000000E+04	2.810484E-04	2.185113E-03	0.000000E+00	0.000000E+00
5.109625000000E+04	2.875353E-04	2.167780E-03	0.000000E+00	0.000000E+00
5.109750000000E+04	2.744902E-04	2.176328E-03	0.000000E+00	0.000000E+00
5.109875000000E+04	2.766015E-04	2.174270E-03	0.000000E+00	0.000000E+00
5.110000000000E+04	2.873617E-04	2.188690E-03	0.000000E+00	0.000000E+00
5.110125000000E+04	2.937710E-04	2.183152E-03	0.000000E+00	0.000000E+00
5.110250000000E+04	2.912219E-04	2.186155E-03	0.000000E+00	0.000000E+00
5.110375000000E+04	2.859087E-04	2.190196E-03	0.000000E+00	0.000000E+00
5.110500000000E+04	2.880594E-04	2.193626E-03	0.000000E+00	0.000000E+00
5.110625000000E+04	2.901013E-04	2.195758E-03	0.000000E+00	0.000000E+00
5.110750000000E+04	2.821266E-04	2.191690E-03	0.000000E+00	0.000000E+00
5.110875000000E+04	2.918178E-04	2.186469E-03	0.000000E+00	0.000000E+00
5.111000000000E+04	2.984867E-04	2.202352E-03	0.000000E+00	0.000000E+00
5.111125000000E+04	2.776517E-04	2.203683E-03	0.000000E+00	0.000000E+00
5.111250000000E+04	3.017171E-04	2.191746E-03	0.000000E+00	0.000000E+00
5.111375000000E+04	2.986183E-04	2.211011E-03	0.000000E+00	0.000000E+00
5.111500000000E+04	2.985765E-04	2.211059E-03	0.000000E+00	0.000000E+00
5.111625000000E+04	3.076685E-04	2.208036E-03	0.000000E+00	0.000000E+00
5.111750000000E+04	2.929061E-04	2.212055E-03	0.000000E+00	0.000000E+00
5.111875000000E+04	2.918841E-04	2.199675E-03	0.000000E+00	0.000000E+00
5.112000000000E+04	2.962807E-04	2.221774E-03	0.000000E+00	0.000000E+00
5.112125000000E+04	2.947862E-04	2.210767E-03	0.000000E+00	0.000000E+00
5.112250000000E+04	2.959851E-04	2.223018E-03	0.000000E+00	0.000000E+00
5.112375000000E+04	3.071930E-04	2.221875E-03	0.000000E+00	0.000000E+00
5.112500000000E+04	2.826610E-04	2.229389E-03	0.000000E+00	0.000000E+00
5.112625000000E+04	2.963153E-04	2.229358E-03	0.000000E+00	0.000000E+00
5.112750000000E+04	2.985178E-04	2.226294E-03	0.000000E+00	0.000000E+00
5.112875000000E+04	2.964148E-04	2.238207E-03	0.000000E+00	0.000000E+00
5.113000000000E+04	2.941360E-04	2.230178E-03	0.000000E+00	0.000000E+00
5.113125000000E+04	3.053426E-04	2.234400E-03	0.000000E+00	0.000000E+00
5.113250000000E+04	2.973717E-04	2.252394E-03	0.000000E+00	0.000000E+00
5.113375000000E+04	2.978150E-04	2.231403E-03	0.000000E+00	0.000000E+00
5.113500000000E+04	2.973708E-04	2.255998E-03	0.000000E+00	0.000000E+00
5.113625000000E+04	3.129966E-04	2.253796E-03	0.000000E+00	0.000000E+00
5.113750000000E+04	3.164553E-04	2.248883E-03	0.000000E+00	0.000000E+00
5.113875000000E+04	3.139490E-04	2.258319E-03	0.000000E+00	0.000000E+00
5.114000000000E+04	3.105426E-04	2.248475E-03	0.000000E+00	0.000000E+00
5.114125000000E+04	3.042068E-04	2.254438E-03	0.000000E+00	0.000000E+00
5.114250000000E+04	3.040014E-04	2.264439E-03	0.000000E+00	0.000000E+00
5.114375000000E+04	3.067854E-04	2.268774E-03	0.000000E+00	0.000000E+00
5.114500000000E+04	3.071669E-04	2.280978E-03	0.000000E+00	0.000000E+00
5.114625000000E+04	3.078652E-04	2.276063E-03	0.000000E+00	0.000000E+00
5.114750000000E+04	3.185424E-04	2.280882E-03	0.000000E+00	0.000000E+00
5.114875000000E+04	2.990353E-04	2.274158E-03	0.000000E+00	0.000000E+00
5.115000000000E+04	3.117958E-04	2.275537E-03	0.000000E+00	0.000000E+00
5.115125000000E+04	3.064233E-04	2.270604E-03	0.000000E+00	0.000000E+00
5.115250000000E+04	3.100976E-04	2.300574E-03	0.000000E+00	0.000000E+00
5.115375000000E+04	3.172738E-04	2.289112E-03	0.000000E+00	0.000000E+00
5.115500000000E+04	3.187938E-04	2.303721E-03	0.000000E+00	0.000000E+00
5.115625000000E+04	3.137270E-04	2.300922E-03	0.000000E+00	0.000000E+00
5.115750000000E+04	3.162964E-04	2.314724E-03	0.000000E+00	0.000000E+00
5.115875000000E+04	3.272388E-04	2.299053E-03	0.000000E+00	0.000000E+00
5.116000000000E+04	3.253818E-04	2.307332E-03	0.000000E+00	0.000000E+00
5.116125000000E+04	3.270849E-04	2.315931E-03	0.000000E+00	0.000000E+00
5.116250000000E+04	3.207736E-04	2.310590E-03	0.000000E+00	0.000000E+00
5.116375000000E+04	3.166346E-04	2.326010E-03	0.000000E+00	0.000000E+00
5.116500000000E+04	3.221141E-04	2.334937E-03	0.000000E+00	0.000000E+00
5.116625000000E+04	3.209603E-04	2.341820E-03	0.000000E+00	0.000000E+00
5.116750000000E+04	3.099858E-04	2.342706E-03	0.000000E+00	0.000000E+00
5.116875000000E+04	3.295134E-04	2.345972E-03	0.000000E+00	0.000000E+00
5.117000000000E+04	3.240364E-04	2.339376E-03	0.000000E+00	0.000000E+00
5.117125000000E+04	3.307609E-04	2.354878E-03	0.000000E+00	0.000000E+00
5.117250000000E+04	3.228989E-04	2.363184E-03	0.000000E+00	0.000000E+00
5.117375000000E+04	3.377914E-04	2.340863E-03	0.000000E+00	0.000000E+00
5.117500000000E+04	3.258744E-04	2.357158E-03	0.000000E+00	0.000000E+00
5.117625000000E+04	3.290338E-04	2.350858E-03	0.000000E+00	0.000000E+00
5.117750000000E+04	3.237945E-04	2.364621E-03	0.000000E+00	0.000000E+00
5.117875000000E+04	3.392032E-04	2.369233E-03	0.000000E+00	0.000000E+00
5.118000000000E+04	3.223093E-04	2.377355E-03	0.000000E+00	0.000000E+00
5.118125000000E+04	3.270846E-04	2.366911E-03	0.000000E+00	0.000000E+00
5.118250000000E+04	3.220625E-04	2.390829E-03	0.000000E+00	0.000000E+00
5.118375000000E+04	3.365542E-04	2.374415E-03	0.000000E+00	0.000000E+00
5.118500000000E+04	3.356832E-04	2.387770E-03	0.000000E+00	0.000000E+00
5.118625000000E+04	3.260475E-04	2.394981E-03	0.000000E+00	0.000000E+00
5.118750000000E+04	3.405262E-04	2.397971E-03	0.000000E+00	0.000000E+00
5.118875000000E+04	3.356953E-04	2.404506E-03	0.000000E+00	0.000000E+00
5.119000000000E+04	3.457745E-04	2.414159E-03	0.000000E+00	0.000000E+00
5.119125000000E+04	3.412933E-04	2.405380E-03	0.000000E+00	0.000000E+00
5.119250000000E+04	3.430443E-04	2.417747E-03	0.000000E+00	0.000000E+00
5.119375000000E+04	3.504639E-04	2.416377E-03	0.000000E+00	0.000000E+00
5.119500000000E+04	3.464374E-04	2.428276E-03	0.000000E+00	0.000000E+00
5.119625000000E+04	3.495224E-04	2.439013E-03	0.000000E+00	0.000000E+00
5.119750000000E+04	3.306274E-04	2.431835E-03	0.000000E+00	0.000000E+00
5.119875000000E+04	3.462184E-04	2.436138E-03	0.000000E+00	0.000000E+00
5.120000000000E+04	3.487138E-04	2.456200E-03	0.000000E+00	0.000000E+00
5.120125000000E+04	3.523834E-04	2.450045E-03	0.000000E+00	0.000000E+00
5.120250000000E+04	3.605541E-04	2.455431E-03	0.000000E+00	0.000000E+00
5.120375000000E+04	3.561887E-04	2.461071E-03	0.000000E+00	0.000000E+00
5.120500000000E+04	3.488265E-04	2.452189E-03	0.000000E+00	0.000000E+00
5.120625000000E+04	3.551954E-04	2.464838E-03	0.000000E+00	0.000000E+00
5.120750000000E+04	3.649860E-04	2.484075E-03	0.000000E+00	0.000000E+00
5.120875000000E+04	3.686846E-04	2.479251E-03	0.000000E+00	0.000000E+00
5.121000000000E+04	3.636160E-04	2.489226E-03	0.000000E+00	0.000000E+00
5.121125000000E+04	3.703907E-04	2.500292E-03	0.000000E+00	0.000000E+00
5.121250000000E+04	3.673304E-04	2.496826E-03	0.000000E+00	0.000000E+00
5.121375000000E+04	3.768594E-04	2.508726E-03	0.000000E+00	0.000000E+00
5.121500000000E+04	3.676128E-04	2.503388E-03	0.000000E+00	0.000000E+00
5.121625000000E+04	3.676122E-04	2.521522E-03	0.000000E+00	0.000000E+00
5.121750000000E+04	3.804314E-04	2.522261E-03	0.000000E+00	0.000000E+00
5.121875000000E+04	3.783759E-04	2.537688E-03	0.000000E+00	0.000000E+00
5.122000000000E+04	3.777297E-04	2.536879E-03	0.000000E+00	0.000000E+00
5.122125000000E+04	3.825075E-04	2.547892E-03	0.000000E+00	0.000000E+00
5.122250000000E+04	3.873990E-04	2.541923E-03	0.000000E+00	0.000000E+00
5.122375000000E+04	3.666159E-04	2.553093E-03	0.000000E+00	0.000000E+00
5.122500000000E+04	3.824536E-04	2.555449E-03	0.000000E+00	0.000000E+00
5.122625000000E+04	3.949214E-04	2.559457E-03	0.000000E+00	0.000000E+00
5.122750000000E+04	3.893012E-04	2.563668E-03	0.000000E+00	0.000000E+00
5.122875000000E+04	3.864232E-04	2.573002E-03	0.000000E+00	0.000000E+00
5.123000000000E+04	3.929454E-04	2.578218E-03	0.000000E+00	0.000000E+00
5.123125000000E+04	4.003463E-04	2.589419E-03	0.000000E+00	0.000000E+00
5.123250000000E+04	3.964990E-04	2.607652E-03	0.000000E+00	0.000000E+00
5.123375000000E+04	3.891449E-04	2.600658E-03	0.000000E+00	0.000000E+00
5.123500000000E+04	4.129584E-04	2.614113E-03	0.000000E+00	0.000000E+00
5.123625000000E+04	4.054042E-04	2.607715E-03	0.000000E+00	0.000000E+00
5.123750000000E+04	4.150637E-04	2.609918E-03	0.000000E+00	0.000000E+00
5.123875000000E+04	3.991688E-04	2.622756E-03	0.000000E+00	0.000000E+00
5.124000000000E+04	4.129749E-04	2.642161E-03	0.000000E+00	0.000000E+00
5.124125000000E+04	4.129686E-04	2.634980E-03	0.000000E+00	0.000000E+00
5.124250000000E+04	4.233055E-04	2.640788E-03	0.000000E+00	0.000000E+00
5.124375000000E+04	4.266581E-04	2.642115E-03	0.000000E+00	0.000000E+00
5.124500000000E+04	4.184487E-04	2.662157E-03	0.000000E+00	0.000000E+00
5.124625000000E+04	4.316113E-04	2.677523E-03	0.000000E+00	0.000000E+00
5.124750000000E+04	4.379186E-04	2.674267E-03	0.000000E+00	0.000000E+00
5.124875000000E+04	4.416684E-04	2.667067E-03	0.000000E+00	0.000000E+00
5.125000000000E+04	4.377331E-04	2.674087E-03	0.000000E+00	0.000000E+00
5.125125000000E+04	4.328228E-04	2.692923E-03	0.000000E+00	0.000000E+00
5.125250000000E+04	4.356685E-04	2.709384E-03	0.000000E+00	0.000000E+00
5.125375000000E+04	4.527900E-04	2.720435E-03	0.000000E+00	0.000000E+00
5.125500000000E+04	4.650356E-04	2.717258E-03	0.000000E+00	0.000000E+00
5.125625000000E+04	4.664687E-04	2.723910E-03	0.000000E+00	0.000000E+00
5.125750000000E+04	4.573529E-04	2.731288E-03	0.000000E+00	0.000000E+00
5.125875000000E+04	4.542982E-04	2.725931E-03	0.000000E+00	0.000000E+00
5.126000000000E+04	4.789006E-04	2.754074E-03	0.000000E+00	0.000000E+00
5.126125000000E+04	4.609603E-04	2.751734E-03	0.000000E+00	0.000000E+00
5.126250000000E+04	4.704800E-04	2.770763E-03	0.000000E+00	0.000000E+00
5.126375000000E+04	4.662145E-04	2.769762E-03	0.000000E+00	0.000000E+00
5.126500000000E+04	4.800701E-04	2.785777E-03	0.000000E+00	0.000000E+00
5.126625000000E+04	4.847134E-04	2.797998E-03	0.000000E+00	0.000000E+00
5.126750000000E+04	4.807207E-04	2.794704E-03	0.000000E+00	0.000000E+00
5.126875000000E+04	4.822706E-04	2.800474E-03	0.000000E+00	0.000000E+00
5.127000000000E+04	5.002748E-04	2.810076E-03	0.000000E+00	0.000000E+00
5.127125000000E+04	4.831489E-04	2.825860E-03	0.000000E+00	0.000000E+00
5.127250000000E+04	5.081210E-04	2.844274E-03	0.000000E+00	0.000000E+00
5.127375000000E+04	5.133668E-04	2.842165E-03	0.000000E+00	0.000000E+00
5.127500000000E+04	5.247220E-04	2.859046E-03	0.000000E+00	0.000000E+00
5.127625000000E+04	5.118217E-04	2.865701E-03	0.000000E+00	0.000000E+00
5.127750000000E+04	5.104356E-04	2.856807E-03	0.000000E+00	0.000000E+00
5.127875000000E+04	5.207349E-04	2.873285E-03	0.000000E+00	0.000000E+00
5.128000000000E+04	5.321600E-04	2.886141E-03	0.000000E+00	0.000000E+00
5.128125000000E+04	5.404105E-04	2.876564E-03	0.000000E+00	0.000000E+00
5.128250000000E+04	5.360413E-04	2.906809E-03	0.000000E+00	0.000000E+00
5.128375000000E+04	5.509139E-04	2.908149E-03	0.000000E+00	0.000000E+00
5.128500000000E+04	5.493605E-04	2.942161E-03	0.000000E+00	0.000000E+00
5.128625000000E+04	5.642913E-04	2.942163E-03	0.000000E+00	0.000000E+00
5.128750000000E+04	5.623167E-04	2.955265E-03	0.000000E+00	0.000000E+00
5.128875000000E+04	5.627839E-04	2.946981E-03	0.000000E+00	0.000000E+00
5.129000000000E+04	5.806528E-04	2.971527E-03	0.000000E+00	0.000000E+00
5.129125000000E+04	5.741885E-04	2.958635E-03	0.000000E+00	0.000000E+00
5.129250000000E+04	5.731274E-04	2.990718E-03	0.000000E+00	0.000000E+00
5.129375000000E+04	5.918933E-04	2.987277E-03	0.000000E+00	0.000000E+00
5.129500000000E+04	5.883604E-04	3.011027E-03	0.000000E+00	0.000000E+00
5.129625000000E+04	6.026805E-04	3.030410E-03	0.000000E+00	0.000000E+00
5.129750000000E+04	6.037532E-04	3.034834E-03	0.000000E+00	0.000000E+00
5.129875000000E+04	6.183180E-04	3.046522E-03	0.000000E+00	0.000000E+00
5.130000000000E+04	6.310364E-04	3.046365E-03	0.000000E+00	0.000000E+00
5.130125000000E+04	6.301697E-04	3.068914E-03	0.000000E+00	0.000000E+00
5.130250000000E+04	6.417241E-04	3.077287E-03	0.000000E+00	0.000000E+00
5.130375000000E+04	6.384426E-04	3.081901E-03	0.000000E+00	0.000000E+00
5.130500000000E+04	6.487138E-04	3.083195E-03	0.000000E+00	0.000000E+00
5.130625000000E+04	6.525607E-04	3.102805E-03	0.000000E+00	0.000000E+00
5.130750000000E+04	6.678134E-04	3.124544E-03	0.000000E+00	0.000000E+00
5.130875000000E+04	6.725373E-04	3.136799E-03	0.000000E+00	0.000000E+00
5.131000000000E+04	6.786252E-04	3.138236E-03	0.000000E+00	0.000000E+00
5.131125000000E+04	6.881096E-04	3.141526E-03	0.000000E+00	0.000000E+00
5.131250000000E+04	6.963960E-04	3.165747E-03	0.000000E+00	0.000000E+00
5.131375000000E+04	6.881646E-04	3.163769E-03	0.000000E+00	0.000000E+00
5.131500000000E+04	7.004206E-04	3.185291E-03	0.000000E+00	0.000000E+00
5.131625000000E+04	7.175778E-04	3.194208E-03	0.000000E+00	0.000000E+00
5.131750000000E+04	7.172524E-04	3.206515E-03	0.000000E+00	0.000000E+00
5.131875000000E+04	7.417056E-04	3.232121E-03	0.000000E+00	0.000000E+00
5.132000000000E+04	7.527369E-04	3.244007E-03	0.000000E+00	0.000000E+00
5.132125000000E+04	7.593408E-04	3.252353E-03	0.000000E+00	0.000000E+00
5.132250000000E+04	7.570589E-04	3.267921E-03	0.000000E+00	0.000000E+00
5.132375000000E+04	7.757503E-04	3.273534E-03	0.000000E+00	0.000000E+00
5.132500000000E+04	7.724063E-04	3.283571E-03	0.000000E+00	0.000000E+00
5.132625000000E+04	7.862243E-04	3.306252E-03	0.000000E+00	0.000000E+00
5.132750000000E+04	8.084227E-04	3.316034E-03	0.000000E+00	0.000000E+00
5.132875000000E+04	8.086016E-04	3.341541E-03	0.000000E+00	0.000000E+00
5.133000000000E+04	8.271075E-04	3.349308E-03	0.000000E+00	0.000000E+00
5.133125000000E+04	8.255382E-04	3.366703E-03	0.000000E+00	0.000000E+00
5.133250000000E+04	8.352889E-04	3.389010E-03	0.000000E+00	0.000000E+00
5.133375000000E+04	8.556580E-04	3.377416E-03	0.000000E+00	0.000000E+00
5.133500000000E+04	8.609847E-04	3.403216E-03	0.000000E+00	0.000000E+00
5.133625000000E+04	8.696637E-04	3.428600E-03	0.000000E+00	0.000000E+00
5.133750000000E+04	8.924425E-04	3.426505E-03	0.000000E+00	0.000000E+00
5.133875000000E+04	8.907331E-04	3.449050E-03	0.000000E+00	0.000000E+00
5.134000000000E+04	9.264198E-04	3.471903E-03	0.000000E+00	0.000000E+00
5.134125000000E+04	9.346177E-04	3.479434E-03	0.000000E+00	0.000000E+00
5.134250000000E+04	9.487487E-04	3.497829E-03	0.000000E+00	0.000000E+00
5.134375000000E+04	9.545176E-04	3.492998E-03	0.000000E+00	0.000000E+00
5.134500000000E+04	9.777044E-04	3.518583E-03	0.000000E+00	0.000000E+00
5.134625000000E+04	9.836664E-04	3.542399E-03	0.000000E+00	0.000000E+00
5.134750000000E+04	1.010472E-03	3.558373E-03	0.000000E+00	0.000000E+00
5.134875000000E+04	1.007725E-03	3.575606E-03	0.000000E+00	0.000000E+00
5.135000000000E+04	1.032974E-03	3.601022E-03	0.000000E+00	0.000000E+00
5.135125000000E+04	1.053997E-03	3.616503E-03	0.000000E+00	0.000000E+00
5.135250000000E+04	1.061128E-03	3.632913E-03	0.000000E+00	0.000000E+00
5.135375000000E+04	1.084669E-03	3.649479E-03	0.000000E+00	0.000000E+00
5.135500000000E+04	1.098347E-03	3.648786E-03	0.000000E+00	0.000000E+00
5.135625000000E+04	1.110268E-03	3.663045E-03	0.000000E+00	0.000000E+00
5.135750000000E+04	1.129008E-03	3.705197E-03	0.000000E+00	0.000000E+00
5.135875000000E+04	1.153827E-03	3.717799E-03	0.000000E+00	0.000000E+00
5.136000000000E+04	1.183938E-03	3.752190E-03	0.000000E+00	0.000000E+00
5.136125000000E+04	1.189439E-03	3.772690E-03	0.000000E+00	0.000000E+00
5.136250000000E+04	1.219656E-03	3.776726E-03	0.000000E+00	0.000000E+00
5.136375000000E+04	1.231915E-03	3.797099E-03	0.000000E+00	0.000000E+00
5.136500000000E+04	1.251842E-03	3.815025E-03	0.000000E+00	0.000000E+00
5.136625000000E+04	1.272830E-03	3.817040E-03	0.000000E+00	0.000000E+00
5.136750000000E+04	1.287989E-03	3.841461E-03	0.000000E+00	0.000000E+00
5.136875000000E+04	1.309798E-03	3.857813E-03	0.000000E+00	0.000000E+00
5.137000000000E+04	1.338249E-03	3.876931E-03	0.000000E+00	0.000000E+00
5.137125000000E+04	1.365914E-03	3.917309E-03	0.000000E+00	0.000000E+00
5.137250000000E+04	1.392051E-03	3.935627E-03	0.000000E+00	0.000000E+00
5.137375000000E+04	1.416398E-03	3.930965E-03	0.000000E+00	0.000000E+00
5.137500000000E+04	1.451809E-03	3.971316E-03	0.000000E+00	0.000000E+00
5.137625000000E+04	1.458022E-03	3.982878E-03	0.000000E+00	0.000000E+00
5.137750000000E+04	1.495681E-03	3.987054E-03	0.000000E+00	0.000000E+00
5.137875000000E+04	1.533833E-03	4.013864E-03	0.000000E+00	0.000000E+00
5.138000000000E+04	1.553802E-03	4.044954E-03	0.000000E+00	0.000000E+00
5.138125000000E+04	1.580421E-03	4.059304E-03	0.000000E+00	0.000000E+00
5.138250000000E+04	1.609602E-03	4.091295E-03	0.000000E+00	0.000000E+00
5.138375000000E+04	1.639312E-03	4.114605E-03	0.000000E+00	0.000000E+00
5.138500000000E+04	1.679065E-03	4.115715E-03	0.000000E+00	0.000000E+00
5.138625000000E+04	1.704861E-03	4.145433E-03	0.000000E+00	0.000000E+00
5.138750000000E+04	1.721704E-03	4.163234E-03	0.000000E+00	0.000000E+00
5.138875000000E+04	1.769268E-03	4.178108E-03	0.000000E+00	0.000000E+00
5.139000000000E+04	1.813588E-03	4.219576E-03	0.000000E+00	0.000000E+00
5.139125000000E+04	1.843132E-03	4.216666E-03	0.000000E+00	0.000000E+00
5.139250000000E+04	1.893032E-03	4.256804E-03	0.000000E+00	0.000000E+00
5.139375000000E+04	1.930345E-03	4.284398E-03	0.000000E+00	0.000000E+00
5.139500000000E+04	1.962853E-03	4.301633E-03	0.000000E+00	0.000000E+00
5.139625000000E+04	2.003888E-03	4.300639E-03	0.000000E+00	0.000000E+00
5.139750000000E+04	2.047056E-03	4.339034E-03	0.000000E+00	0.000000E+00
5.139875000000E+04	2.077931E-03	4.341024E-03	0.000000E+00	0.000000E+00
5.140000000000E+04	2.129000E-03	4.374171E-03	0.000000E+00	0.000000E+00
5.140125000000E+04	2.180667E-03	4.389409E-03	0.000000E+00	0.000000E+00
5.140250000000E+04	2.220443E-03	4.414660E-03	0.000000E+00	0.000000E+00
5.140375000000E+04	2.270860E-03	4.418518E-03	0.000000E+00	0.000000E+00
5.140500000000E+04	2.321229E-03	4.442830E-03	0.000000E+00	0.000000E+00
5.140625000000E+04	2.372182E-03	4.468919E-03	0.000000E+00	0.000000E+00
5.140750000000E+04	2.421727E-03	4.480965E-03	0.000000E+00	0.000000E+00
5.140875000000E+04	2.488398E-03	4.480939E-03	0.000000E+00	0.000000E+00
5.141000000000E+04	2.537405E-03	4.508222E-03	0.000000E+00	0.000000E+00
5.141125000000E+04	2.587030E-03	4.534268E-03	0.000000E+00	0.000000E+00
5.141250000000E+04	2.659627E-03	4.569355E-03	0.000000E+00	0.000000E+00
5.141375000000E+04	2.709662E-03	4.561254E-03	0.000000E+00	0.000000E+00
5.141500000000E+04	2.776483E-03	4.603289E-03	0.000000E+00	0.000000E+00
5.141625000000E+04	2.838569E-03	4.597379E-03	0.000000E+00	0.000000E+00
5.141750000000E+04	2.899301E-03	4.621100E-03	0.000000E+00	0.000000E+00
5.141875000000E+04	2.971168E-03	4.621380E-03	0.000000E+00	0.000000E+00
5.142000000000E+04	3.049042E-03	4.639039E-03	0.000000E+00	0.000000E+00
5.142125000000E+04	3.107925E-03	4.627603E-03	0.000000E+00	0.000000E+00
5.142250000000E+04	3.183516E-03	4.656091E-03	0.000000E+00	0.000000E+00
5.142375000000E+04	3.267044E-03	4.666183E-03	0.000000E+00	0.000000E+00
5.142500000000E+04	3.354887E-03	4.662783E-03	0.000000E+00	0.000000E+00
5.142625000000E+04	3.438113E-03	4.662286E-03	0.000000E+00	0.000000E+00
5.142750000000E+04	3.513530E-03	4.663292E-03	0.000000E+00	0.000000E+00
5.142875000000E+04	3.583311E-03	4.657235E-03	0.000000E+00	0.000000E+00
5.143000000000E+04	3.690978E-03	4.639805E-03	0.000000E+00	0.000000E+00
5.143125000000E+04	3.772590E-03	4.638375E-03	0.000000E+00	0.000000E+00
5.143250000000E+04	3.861992E-03	4.637465E-03	0.000000E+00	0.000000E+00
5.143375000000E+04	3.955855E-03	4.631354E-03	0.000000E+00	0.000000E+00
5.143500000000E+04	4.034238E-03	4.614868E-03	0.000000E+00	0.000000E+00
5.143625000000E+04	4.144822E-03	4.604554E-03	0.000000E+00	0.000000E+00
5.143750000000E+04	4.241406E-03	4.583871E-03	0.000000E+00	0.000000E+00
5.143875000000E+04	4.323164E-03	4.563571E-03	0.000000E+00	0.000000E+00
5.144000000000E+04	4.436793E-03	4.531419E-03	0.000000E+00	0.000000E+00
5.144125000000E+04	4.537434E-03	4.508514E-03	0.000000E+00	0.000000E+00
5.144250000000E+04	4.640667E-03	4.469379E-03	0.000000E+00	0.000000E+00
5.144375000000E+04	4.735725E-03	4.453064E-03	0.000000E+00	0.000000E+00
5.144500000000E+04	4.846307E-03	4.392138E-03	0.000000E+00	0.000000E+00
5.144625000000E+04	4.953091E-03	4.349375E-03	0.000000E+00	0.000000E+00
5.144750000000E+04	5.061337E-03	4.303580E-03	0.000000E+00	0.000000E+00
5.144875000000E+04	5.167301E-03	4.254461E-03	0.000000E+00	0.000000E+00
5.145000000000E+04	5.261530E-03	4.189614E-03	0.000000E+00	0.000000E+00
5.145125000000E+04	5.379882E-03	4.118292E-03	0.000000E+00	0.000000E+00
5.145250000000E+04	5.499146E-03	4.049064E-03	0.000000E+00	0.000000E+00
5.145375000000E+04	5.588127E-03	3.964142E-03	0.000000E+00	0.000000E+00
5.145500000000E+04	5.702675E-03	3.892616E-03	0.000000E+00	0.000000E+00
5.145625000000E+04	5.804760E-03	3.796144E-03	0.000000E+00	0.000000E+00
5.145750000000E+04	5.905796E-03	3.715774E-03	0.000000E+00	0.000000E+00
5.145875000000E+04	6.003323E-03	3.629550E-03	0.000000E+00	0.000000E+00
5.146000000000E+04	6.110702E-03	3.508317E-03	0.000000E+00	0.000000E+00
5.146125000000E+04	6.193370E-03	3.413048E-03	0.000000E+00	0.000000E+00
5.146250000000E+04	6.296570E-03	3.302719E-03	0.000000E+00	0.000000E+00
5.146375000000E+04	6.374636E-03	3.163214E-03	0.000000E+00	0.000000E+00
5.146500000000E+04	6.451740E-03	3.036225E-03	0.000000E+00	0.000000E+00
5.146625000000E+04	6.548711E-03	2.912553E-03	0.000000E+00	0.000000E+00
5.146750000000E+04	6.608281E-03	2.773003E-03	0.000000E+00	0.000000E+00
5.146875000000E+04	6.688239E-03	2.654060E-03	0.000000E+00	0.000000E+00
5.147000000000E+04	6.747991E-03	2.476428E-03	0.000000E+00	0.000000E+00
5.147125000000E+04	6.809336E-03	2.346077E-03	0.000000E+00	0.000000E+00
5.147250000000E+04	6.851884E-03	2.202959E-03	0.000000E+00	0.000000E+00
5.147375000000E+04	6.908958E-03	2.020744E-03	0.000000E+00	0.000000E+00
5.147500000000E+04	6.920094E-03	1.863926E-03	0.000000E+00	0.000000E+00
5.147625000000E+04	6.958365E-03	1.699958E-03	0.000000E+00	0.000000E+00
5.147750000000E+04	6.975703E-03	1.541703E-03	0.000000E+00	0.000000E+00
5.147875000000E+04	6.989178E-03	1.381878E-03	0.000000E+00	0.000000E+00
5.148000000000E+04	6.992587E-03	1.223082E-03	0.000000E+00	0.000000E+00
5.148125000000E+04	7.007942E-03	1.037168E-03	0.000000E+00	0.000000E+00
5.148250000000E+04	6.977877E-03	8.902893E-04	0.000000E+00	0.000000E+00
5.148375000000E+04	6.985640E-03	7.377785E-04	0.000000E+00	0.000000E+00
5.148500000000E+04	6.941706E-03	5.495835E-04	0.000000E+00	0.000000E+00
5.148625000000E+04	6.913528E-03	3.997505E-04	0.000000E+00	0.000000E+00
5.148750000000E+04	6.874227E-03	2.586058E-04	0.000000E+00	0.000000E+00
5.148875000000E+04	6.824870E-03	1.006718E-04	0.000000E+00	0.000000E+00
5.149000000000E+04	6.760565E-03	-5.754993E-05	0.000000E+00	0.000000E+00
5.149125000000E+04	6.710036E-03	-1.983974E-04	0.000000E+00	0.000000E+00
5.149250000000E+04	6.636443E-03	-3.424911E-04	0.000000E+00	0.000000E+00
5.149375000000E+04	6.562491E-03	-4.854759E-04	0.000000E+00	0.000000E+00
5.149500000000E+04	6.484616E-03	-6.219141E-04	0.000000E+00	0.000000E+00
5.149625000000E+04	6.406547E-03	-7.590938E-04	0.000000E+00	0.000000E+00
5.149750000000E+04	6.311703E-03	-8.619988E-04	0.000000E+00	0.000000E+00
5.149875000000E+04	6.231287E-03	-9.848941E-04	0.000000E+00	0.000000E+00
5.150000000000E+04	6.133903E-03	-1.098659E-03	0.000000E+00	0.000000E+00
5.150125000000E+04	6.038514E-03	-1.192272E-03	0.000000E+00	0.000000E+00
5.150250000000E+04	5.934726E-03	-1.299985E-03	0.000000E+00	0.000000E+00
5.150375000000E+04	5.845186E-03	-1.397915E-03	0.000000E+00	0.000000E+00
5.150500000000E+04	5.735785E-03	-1.477910E-03	0.000000E+00	0.000000E+00
5.150625000000E+04	5.642517E-03	-1.571745E-03	0.000000E+00	0.000000E+00
5.150750000000E+04	5.524343E-03	-1.640486E-03	0.000000E+00	0.000000E+00
5.150875000000E+04	5.421671E-03	-1.713063E-03	0.000000E+00	0.000000E+00
5.151000000000E+04	5.314497E-03	-1.798601E-03	0.000000E+00	0.000000E+00
5.151125000000E+04	5.203607E-03	-1.835453E-03	0.000000E+00	0.000000E+00
5.151250000000E+04	5.089785E-03	-1.897283E-03	0.000000E+00	0.000000E+00
5.151375000000E+04	4.984343E-03	-1.959100E-03	0.000000E+00	0.000000E+00
5.151500000000E+04	4.878730E-03	-2.002470E-03	0.000000E+00	0.000000E+00
5.151625000000E+04	4.780612E-03	-2.053016E-03	0.000000E+00	0.000000E+00
5.151750000000E+04	4.675897E-03	-2.103342E-03	0.000000E+00	0.000000E+00
5.151875000000E+04	4.567755E-03	-2.129451E-03	0.000000E+00	0.000000E+00
5.152000000000E+04	4.474948E-03	-2.144085E-03	0.000000E+00	0.000000E+00
5.152125000000E+04	4.364550E-03	-2.172714E-03	0.000000E+00	0.000000E+00
5.152250000000E+04	4.268583E-03	-2.191543E-03	0.000000E+00	0.000000E+00
5.152375000000E+04	4.170168E-03	-2.214037E-03	0.000000E+00	0.000000E+00
5.152500000000E+04	4.082562E-03	-2.221658E-03	0.000000E+00	0.000000E+00
5.152625000000E+04	3.984832E-03	-2.247343E-03	0.000000E+00	0.000000E+00
5.152750000000E+04	3.889516E-03	-2.256374E-03	0.000000E+00	0.000000E+00
5.152875000000E+04	3.803505E-03	-2.265702E-03	0.000000E+00	0.000000E+00
5.153000000000E+04	3.710214E-03	-2.258463E-03	0.000000E+00	0.000000E+00
5.153125000000E+04	3.609253E-03	-2.251458E-03	0.000000E+00	0.000000E+00
5.153250000000E+04	3.537992E-03	-2.257701E-03	0.000000E+00	0.000000E+00
5.153375000000E+04	3.457988E-03	-2.258721E-03	0.000000E+00	0.000000E+00
5.153500000000E+04	3.374779E-03	-2.256297E-03	0.000000E+00	0.000000E+00
5.153625000000E+04	3.289782E-03	-2.251919E-03	0.000000E+00	0.000000E+00
5.153750000000E+04	3.217982E-03	-2.253802E-03	0.000000E+00	0.000000E+00
5.153875000000E+04	3.143251E-03	-2.249093E-03	0.000000E+00	0.000000E+00
5.154000000000E+04	3.077232E-03	-2.237522E-03	0.000000E+00	0.000000E+00
5.154125000000E+04	3.007900E-03	-2.212645E-03	0.000000E+00	0.000000E+00
5.154250000000E+04	2.944201E-03	-2.219356E-03	0.000000E+00	0.000000E+00
5.154375000000E+04	2.868256E-03	-2.199016E-03	0.000000E+00	0.000000E+00
5.154500000000E+04	2.793752E-03	-2.188189E-03	0.000000E+00	0.000000E+00
5.154625000000E+04	2.745313E-03	-2.173905E-03	0.000000E+00	0.000000E+00
5.154750000000E+04	2.689363E-03	-2.153732E-03	0.000000E+00	0.000000E+00
5.154875000000E+04	2.614719E-03	-2.150009E-03	0.000000E+00	0.000000E+00
5.155000000000E+04	2.563393E-03	-2.135944E-03	0.000000E+00	0.000000E+00
5.155125000000E+04	2.496854E-03	-2.110030E-03	0.000000E+00	0.000000E+00
5.155250000000E+04	2.451892E-03	-2.102605E-03	0.000000E+00	0.000000E+00
5.155375000000E+04	2.415935E-03	-2.076264E-03	0.000000E+00	0.000000E+00
5.155500000000E+04	2.340067E-03	-2.045973E-03	0.000000E+00	0.000000E+00
5.155625000000E+04	2.292757E-03	-2.026646E-03	0.000000E+00	0.000000E+00
5.155750000000E+04	2.232813E-03	-2.019481E-03	0.000000E+00	0.000000E+00
5.155875000000E+04	2.203586E-03	-1.998727E-03	0.000000E+00	0.000000E+00
5.156000000000E+04	2.150266E-03	-1.983963E-03	0.000000E+00	0.000000E+00
5.156125000000E+04	2.099107E-03	-1.974975E-03	0.000000E+00	0.000000E+00
5.156250000000E+04	2.056346E-03	-1.947455E-03	0.000000E+00	0.000000E+00
5.156375000000E+04	2.019388E-03	-1.919410E-03	0.000000E+00	0.000000E+00
5.156500000000E+04	1.955838E-03	-1.903870E-03	0.000000E+00	0.000000E+00
5.156625000000E+04	1.924757E-03	-1.879093E-03	0.000000E+00	0.000000E+00
5.156750000000E+04	1.908648E-03	-1.858437E-03	0.000000E+00	0.000000E+00
5.156875000000E+04	1.863334E-03	-1.839915E-03	0.000000E+00	0.000000E+00
5.157000000000E+04	1.815261E-03	-1.812627E-03	0.000000E+00	0.000000E+00
5.157125000000E+04	1.776325E-03	-1.805456E-03	0.000000E+00	0.000000E+00
5.157250000000E+04	1.753904E-03	-1.782238E-03	0.000000E+00	0.000000E+00
5.157375000000E+04	1.696180E-03	-1.751038E-03	0.000000E+00	0.000000E+00
5.157500000000E+04	1.683940E-03	-1.731499E-03	0.000000E+00	0.000000E+00
5.157625000000E+04	1.637807E-03	-1.713026E-03	0.000000E+00	0.000000E+00
5.157750000000E+04	1.622796E-03	-1.692867E-03	0.000000E+00	0.000000E+00
5.157875000000E+04	1.574108E-03	-1.678226E-03	0.000000E+00	0.000000E+00
5.158000000000E+04	1.548565E-03	-1.655200E-03	0.000000E+00	0.000000E+00
5.158125000000E+04	1.520709E-03	-1.639547E-03	0.000000E+00	0.000000E+00
5.158250000000E+04	1.500582E-03	-1.625059E-03	0.000000E+00	0.000000E+00
5.158375000000E+04	1.474563E-03	-1.597882E-03	0.000000E+00	0.000000E+00
5.158500000000E+04	1.444163E-03	-1.579930E-03	0.000000E+00	0.000000E+00
5.158625000000E+04	1.404556E-03	-1.567720E-03	0.000000E+00	0.000000E+00
5.158750000000E+04	1.399715E-03	-1.530985E-03	0.000000E+00	0.000000E+00
5.158875000000E+04	1.350016E-03	-1.530573E-03	0.000000E+00	0.000000E+00
5.159000000000E+04	1.343292E-03	-1.502025E-03	0.000000E+00	0.000000E+00
5.159125000000E+04	1.317351E-03	-1.472526E-03	0.000000E+00	0.000000E+00
5.159250000000E+04	1.286651E-03	-1.469301E-03	0.000000E+00	0.000000E+00
5.159375000000E+04	1.270980E-03	-1.449545E-03	0.000000E+00	0.000000E+00
5.159500000000E+04	1.249461E-03	-1.426643E-03	0.000000E+00	0.000000E+00
5.159625000000E+04	1.224177E-03	-1.386402E-03	0.000000E+00	0.000000E+00
5.159750000000E+04	1.209772E-03	-1.380632E-03	0.000000E+00	0.000000E+00
5.159875000000E+04	1.184040E-03	-1.365779E-03	0.000000E+00	0.000000E+00
5.160000000000E+04	1.171559E-03	-1.348849E-03	0.000000E+00	0.000000E+00
5.160125000000E+04	1.136419E-03	-1.328415E-03	0.000000E+00	0.000000E+00
5.160250000000E+04	1.120914E-03	-1.321051E-03	0.000000E+00	0.000000E+00
5.160375000000E+04	1.113216E-03	-1.297139E-03	0.000000E+00	0.000000E+00
5.160500000000E+04	1.090177E-03	-1.268691E-03	0.000000E+00	0.000000E+00
5.160625000000E+04	1.058890E-03	-1.265107E-03	0.000000E+00	0.000000E+00
5.160750000000E+04	1.040017E-03	-1.247309E-03	0.000000E+00	0.000000E+00
5.160875000000E+04	1.034690E-03	-1.232607E-03	0.000000E+00	0.000000E+00
5.161000000000E+04	1.024869E-03	-1.203203E-03	0.000000E+00	0.000000E+00
5.161125000000E+04	1.008991E-03	-1.188821E-03	0.000000E+00	0.000000E+00
5.161250000000E+04	9.860144E-04	-1.184576E-03	0.000000E+00	0.000000E+00
5.161375000000E+04	9.751972E-04	-1.172372E-03	0.000000E+00	0.000000E+00
5.161500000000E+04	9.710558E-04	-1.160556E-03	0.000000E+00	0.000000E+00
5.161625000000E+04	9.394427E-04	-1.122294E-03	0.000000E+00	0.000000E+00
5.161750000000E+04	9.256170E-04	-1.110357E-03	0.000000E+00	0.000000E+00
5.161875000000E+04	9.025143E-04	-1.097532E-03	0.000000E+00	0.000000E+00
5.162000000000E+04	8.986584E-04	-1.075995E-03	0.000000E+00	0.000000E+00
5.162125000000E+04	8.784528E-04	-1.056423E-03	0.000000E+00	0.000000E+00
5.162250000000E+04	8.767536E-04	-1.047822E-03	0.000000E+00	0.000000E+00
5.162375000000E+04	8.624182E-04	-1.030075E-03	0.000000E+00	0.000000E+00
5.162500000000E+04	8.357044E-04	-1.017091E-03	0.000000E+00	0.000000E+00
5.162625000000E+04	8.402156E-04	-1.012327E-03	0.000000E+00	0.000000E+00
5.162750000000E+04	8.215761E-04	-9.935814E-04	0.000000E+00	0.000000E+00
5.162875000000E+04	8.121852E-04	-9.697968E-04	0.000000E+00	0.000000E+00
5.163000000000E+04	7.932161E-04	-9.532592E-04	0.000000E+00	0.000000E+00
5.163125000000E+04	7.856090E-04	-9.342567E-04	0.000000E+00	0.000000E+00
5.163250000000E+04	7.746422E-04	-9.404509E-04	0.000000E+00	0.000000E+00
5.163375000000E+04	7.632410E-04	-9.218411E-04	0.000000E+00	0.000000E+00
5.163500000000E+04	7.470457E-04	-9.031685E-04	0.000000E+00	0.000000E+00
5.163625000000E+04	7.462491E-04	-8.891381E-04	0.000000E+00	0.000000E+00
5.163750000000E+04	7.314335E-04	-8.774452E-04	0.000000E+00	0.000000E+00
5.163875000000E+04	7.282326E-04	-8.775971E-04	0.000000E+00	0.000000E+00
5.164000000000E+04	7.163524E-04	-8.546720E-04	0.000000E+00	0.000000E+00
5.164125000000E+04	7.090818E-04	-8.299535E-04	0.000000E+00	0.000000E+00
5.164250000000E+04	6.910773E-04	-8.216653E-04	0.000000E+00	0.000000E+00
5.164375000000E+04	6.973687E-04	-8.071632E-04	0.000000E+00	0.000000E+00
5.164500000000E+04	6.669520E-04	-8.070687E-04	0.000000E+00	0.000000E+00
5.164625000000E+04	6.708279E-04	-7.886470E-04	0.000000E+00	0.000000E+00
5.164750000000E+04	6.563812E-04	-7.834926E-04	0.000000E+00	0.000000E+00
5.164875000000E+04	6.521463E-04	-7.659112E-04	0.000000E+00	0.000000E+00
5.165000000000E+04	6.521340E-04	-7.520586E-04	0.000000E+00	0.000000E+00
5.165125000000E+04	6.289741E-04	-7.373146E-04	0.000000E+00	0.000000E+00
5.165250000000E+04	6.282992E-04	-7.304901E-04	0.000000E+00	0.000000E+00
5.165375000000E+04	6.164263E-04	-7.152417E-04	0.000000E+00	0.000000E+00
5.165500000000E+04	6.059241E-04	-7.072922E-04	0.000000E+00	0.000000E+00
5.165625000000E+04	5.946997E-04	-6.972998E-04	0.000000E+00	0.000000E+00
5.165750000000E+04	5.925443E-04	-6.860048E-04	0.000000E+00	0.000000E+00
5.165875000000E+04	5.949667E-04	-6.645584E-04	0.000000E+00	0.000000E+00
5.166000000000E+04	5.869008E-04	-6.494883E-04	0.000000E+00	0.000000E+00
5.166125000000E+04	5.625387E-04	-6.520614E-04	0.000000E+00	0.000000E+00
5.166250000000E+04	5.723098E-04	-6.356831E-04	0.000000E+00	0.000000E+00
5.166375000000E+04	5.607497E-04	-6.326801E-04	0.000000E+00	0.000000E+00
5.166500000000E+04	5.533915E-04	-6.198664E-04	0.000000E+00	0.000000E+00
5.166625000000E+04	5.526220E-04	-6.136149E-04	0.000000E+00	0.000000E+00
5.166750000000E+04	5.434822E-04	-5.918898E-04	0.000000E+00	0.000000E+00
5.166875000000E+04	5.517861E-04	-5.911653E-04	0.000000E+00	0.000000E+00
5.167000000000E+04	5.342135E-04	-5.753758E-04	0.000000E+00	0.000000E+00
5.167125000000E+04	5.219271E-04	-5.607551E-04	0.000000E+00	0.000000E+00
5.167250000000E+04	5.166995E-04	-5.439262E-04	0.000000E+00	0.000000E+00
5.167375000000E+04	5.050920E-04	-5.397365E-04	0.000000E+00	0.000000E+00
5.167500000000E+04	5.192587E-04	-5.395010E-04	0.000000E+00	0.000000E+00
5.167625000000E+04	4.998895E-04	-5.199315E-04	0.000000E+00	0.000000E+00
5.167750000000E+04	4.935898E-04	-5.150539E-04	0.000000E+00	0.000000E+00
5.167875000000E+04	4.869704E-04	-5.174686E-04	0.000000E+00	0.000000E+00
5.168000000000E+04	4.822506E-04	-5.067136E-04	0.000000E+00	0.000000E+00
5.168125000000E+04	4.770732E-04	-4.864762E-04	0.000000E+00	0.000000E+00
5.168250000000E+04	4.566101E-04	-4.834017E-04	0.000000E+00	0.000000E+00
5.168375000000E+04	4.635788E-04	-4.661743E-04	0.000000E+00	0.000000E+00
5.168500000000E+04	4.632994E-04	-4.562099E-04	0.000000E+00	0.000000E+00
5.168625000000E+04	4.623479E-04	-4.589159E-04	0.000000E+00	0.000000E+00
5.168750000000E+04	4.530351E-04	-4.474179E-04	0.000000E+00	0.000000E+00
5.168875000000E+04	4.595563E-04	-4.395675E-04	0.000000E+00	0.000000E+00
5.169000000000E+04	4.458166E-04	-4.325769E-04	0.000000E+00	0.000000E+00
5.169125000000E+04	4.437368E-04	-4.026067E-04	0.000000E+00	0.000000E+00
5.169250000000E+04	4.361536E-04	-4.075647E-04	0.000000E+00	0.000000E+00
5.169375000000E+04	4.294786E-04	-3.931382E-04	0.000000E+00	0.000000E+00
5.169500000000E+04	4.266686E-04	-3.769652E-04	0.000000E+00	0.000000E+00
5.169625000000E+04	4.186177E-04	-3.719221E-04	0.000000E+00	0.000000E+00
5.169750000000E+04	4.215906E-04	-3.761003E-04	0.000000E+00	0.000000E+00
5.169875000000E+04	4.004744E-04	-3.626161E-04	0.000000E+00	0.000000E+00
5.170000000000E+04	4.056363E-04	-3.711868E-04	0.000000E+00	0.000000E+00
5.170125000000E+04	4.059682E-04	-3.560578E-04	0.000000E+00	0.000000E+00
5.170250000000E+04	3.938605E-04	-3.427533E-04	0.000000E+00	0.000000E+00
5.170375000000E+04	3.892504E-04	-3.237945E-04	0.000000E+00	0.000000E+00
5.170500000000E+04	3.912875E-04	-3.256515E-04	0.000000E+00	0.000000E+00
5.170625000000E+04	4.049701E-04	-3.078508E-04	0.000000E+00	0.000000E+00
5.170750000000E+04	3.834671E-04	-3.100984E-04	0.000000E+00	0.000000E+00
5.170875000000E+04	3.876839E-04	-3.057350E-04	0.000000E+00	0.000000E+00
5.171000000000E+04	3.835043E-04	-2.963158E-04	0.000000E+00	0.000000E+00
5.171125000000E+04	3.692737E-04	-3.056382E-04	0.000000E+00	0.000000E+00
5.171250000000E+04	3.773398E-04	-2.768505E-04	0.000000E+00	0.000000E+00
5.171375000000E+04	3.629526E-04	-2.693052E-04	0.000000E+00	0.000000E+00
5.171500000000E+04	3.547061E-04	-2.619419E-04	0.000000E+00	0.000000E+00
5.171625000000E+04	3.721869E-04	-2.503749E-04	0.000000E+00	0.000000E+00
5.171750000000E+04	3.493383E-04	-2.277708E-04	0.000000E+00	0.000000E+00
5.171875000000E+04	3.507388E-04	-2.493665E-04	0.000000E+00	0.000000E+00
5.172000000000E+04	3.498543E-04	-2.372780E-04	0.000000E+00	0.000000E+00
5.172125000000E+04	3.468471E-04	-2.206661E-04	0.000000E+00	0.000000E+00
5.172250000000E+04	3.415954E-04	-2.495621E-04	0.000000E+00	0.000000E+00
5.172375000000E+04	3.525897E-04	-2.101654E-04	0.000000E+00	0.000000E+00
5.172500000000E+04	3.520773E-04	-2.071549E-04	0.000000E+00	0.000000E+00
5.172625000000E+04	3.264953E-04	-1.997879E-04	0.000000E+00	0.000000E+00
5.172750000000E+04	3.332628E-04	-1.742897E-04	0.000000E+00	0.000000E+00
5.172875000000E+04	3.267503E-04	-1.902579E-04	0.000000E+00	0.000000E+00
5.173000000000E+04	3.392891E-04	-1.919335E-04	0.000000E+00	0.000000E+00
5.173125000000E+04	3.101563E-04	-1.703135E-04	0.000000E+00	0.000000E+00
5.173250000000E+04	3.125150E-04	-1.819804E-04	0.000000E+00	0.000000E+00
5.173375000000E+04	3.166751E-04	-1.671072E-04	0.000000E+00	0.000000E+00
5.173500000000E+04	3.161472E-04	-1.715452E-04	0.000000E+00	0.000000E+00
5.173625000000E+04	3.125497E-04	-1.486062E-04	0.000000E+00	0.000000E+00
5.173750000000E+04	3.092013E-04	-1.418185E-04	0.000000E+00	0.000000E+00
5.173875000000E+04	3.128941E-04	-1.406983E-04	0.000000E+00	0.000000E+00
5.174000000000E+04	3.038475E-04	-1.290482E-04	0.000000E+00	0.000000E+00
5.174125000000E+04	2.997335E-04	-1.315682E-04	0.000000E+00	0.000000E+00
5.174250000000E+04	3.040308E-04	-1.259008E-04	0.000000E+00	0.000000E+00
5.174375000000E+04	3.006074E-04	-1.354445E-04	0.000000E+00	0.000000E+00
5.174500000000E+04	2.906793E-04	-1.073384E-04	0.000000E+00	0.000000E+00
5.174625000000E+04	2.920503E-04	-1.026296E-04	0.000000E+00	0.000000E+00
5.174750000000E+04	2.932318E-04	-1.035056E-04	0.000000E+00	0.000000E+00
5.174875000000E+04	2.919454E-04	-7.793981E-05	0.000000E+00	0.000000E+00
5.175000000000E+04	2.857418E-04	-7.882725E-05	0.000000E+00	0.000000E+00
5.175125000000E+04	2.830386E-04	-8.561202E-05	0.000000E+00	0.000000E+00
5.175250000000E+04	2.780162E-04	-7.858757E-05	0.000000E+00	0.000000E+00
5.175375000000E+04	2.742247E-04	-6.816180E-05	0.000000E+00	0.000000E+00
5.175500000000E+04	2.701772E-04	-6.404660E-05	0.000000E+00	0.000000E+00
5.175625000000E+04	2.688767E-04	-5.996281E-05	0.000000E+00	0.000000E+00
5.175750000000E+04	2.712937E-04	-4.607616E-05	0.000000E+00	0.000000E+00
5.175875000000E+04	2.677614E-04	-3.869791E-05	0.000000E+00	0.000000E+00
5.176000000000E+04	2.700260E-04	-2.624775E-05	0.000000E+00	0.000000E+00
5.176125000000E+04	2.673180E-04	-1.870344E-05	0.000000E+00	0.000000E+00
5.176250000000E+04	2.571324E-04	-2.712018E-05	0.000000E+00	0.000000E+00
5.176375000000E+04	2.506042E-04	-3.498195E-05	0.000000E+00	0.000000E+00
5.176500000000E+04	2.649922E-04	-2.597945E-05	0.000000E+00	0.000000E+00
5.176625000000E+04	2.647651E-04	-1.025317E-05	0.000000E+00	0.000000E+00
5.176750000000E+04	2.543411E-04	-1.360374E-05	0.000000E+00	0.000000E+00
5.176875000000E+04	2.493444E-04	-1.480776E-05	0.000000E+00	0.000000E+00
5.177000000000E+04	2.544169E-04	5.866473E-06	0.000000E+00	0.000000E+00
5.177125000000E+04	2.543291E-04	8.222626E-06	0.000000E+00	0.000000E+00
5.177250000000E+04	2.477148E-04	3.736521E-06	0.000000E+00	0.000000E+00
5.177375000000E+04	2.464709E-04	1.331018E-05	0.000000E+00	0.000000E+00
5.177500000000E+04	2.453289E-04	1.724132E-05	0.000000E+00	0.000000E+00
5.177625000000E+04	2.438409E-04	1.432630E-05	0.000000E+00	0.000000E+00
5.177750000000E+04	2.441031E-04	3.410626E-05	0.000000E+00	0.000000E+00
5.177875000000E+04	2.256637E-04	3.689033E-05	0.000000E+00	0.000000E+00
5.178000000000E+04	2.334106E-04	2.799380E-05	0.000000E+00	0.000000E+00
5.178125000000E+04	2.357538E-04	3.733358E-05	0.000000E+00	0.000000E+00
5.178250000000E+04	2.205855E-04	4.565062E-05	0.000000E+00	0.000000E+00
5.178375000000E+04	2.306541E-04	5.809125E-05	0.000000E+00	0.000000E+00
5.178500000000E+04	2.344127E-04	6.919442E-05	0.000000E+00	0.000000E+00
5.178625000000E+04	2.306425E-04	5.692357E-05	0.000000E+00	0.000000E+00
5.178750000000E+04	2.213392E-04	7.770582E-05	0.000000E+00	0.000000E+00
5.178875000000E+04	2.257463E-04	7.446771E-05	0.000000E+00	0.000000E+00
5.179000000000E+04	2.074424E-04	6.390890E-05	0.000000E+00	0.000000E+00
5.179125000000E+04	2.147533E-04	8.809177E-05	0.000000E+00	0.000000E+00
5.179250000000E+04	2.058868E-04	9.472998E-05	0.000000E+00	0.000000E+00
5.179375000000E+04	2.225848E-04	8.775498E-05	0.000000E+00	0.000000E+00
5.179500000000E+04	2.211738E-04	7.915880E-05	0.000000E+00	0.000000E+00
5.179625000000E+04	2.237003E-04	1.025162E-04	0.000000E+00	0.000000E+00
5.179750000000E+04	2.220895E-04	8.962505E-05	0.000000E+00	0.000000E+00
5.179875000000E+04	2.079404E-04	9.671367E-05	0.000000E+00	0.000000E+00
5.180000000000E+04	2.130805E-04	1.063370E-04	0.000000E+00	0.000000E+00
5.180125000000E+04	2.078856E-04	1.145348E-04	0.000000E+00	0.000000E+00
5.180250000000E+04	2.141342E-04	1.284343E-04	0.000000E+00	0.000000E+00
5.180375000000E+04	2.118480E-04	1.297525E-04	0.000000E+00	0.000000E+00
5.180500000000E+04	2.035130E-04	1.127363E-04	0.000000E+00	0.000000E+00
5.180625000000E+04	2.011247E-04	1.237329E-04	0.000000E+00	0.000000E+00
5.180750000000E+04	2.026551E-04	1.284513E-04	0.000000E+00	0.000000E+00
5.180875000000E+04	2.060225E-04	1.296322E-04	0.000000E+00	0.000000E+00
5.181000000000E+04	2.072213E-04	1.426775E-04	0.000000E+00	0.000000E+00
5.181125000000E+04	1.930244E-04	1.376580E-04	0.000000E+00	0.000000E+00
5.181250000000E+04	2.031328E-04	1.544920E-04	0.000000E+00	0.000000E+00
5.181375000000E+04	1.965981E-04	1.675900E-04	0.000000E+00	0.000000E+00
5.181500000000E+04	1.992770E-04	1.643020E-04	0.000000E+00	0.000000E+00
5.181625000000E+04	1.964024E-04	1.661895E-04	0.000000E+00	0.000000E+00
5.181750000000E+04	1.873992E-04	1.736261E-04	0.000000E+00	0.000000E+00
5.181875000000E+04	1.953848E-04	1.508961E-04	0.000000E+00	0.000000E+00
5.182000000000E+04	1.949536E-04	1.655008E-04	0.000000E+00	0.000000E+00
5.182125000000E+04	1.962230E-04	1.782769E-04	0.000000E+00	0.000000E+00
5.182250000000E+04	1.935495E-04	1.712630E-04	0.000000E+00	0.000000E+00
5.182375000000E+04	1.870030E-04	1.850536E-04	0.000000E+00	0.000000E+00
5.182500000000E+04	1.856331E-04	1.958192E-04	0.000000E+00	0.000000E+00
5.182625000000E+04	1.895757E-04	1.672994E-04	0.000000E+00	0.000000E+00
5.182750000000E+04	1.829850E-04	1.865181E-04	0.000000E+00	0.000000E+00
5.182875000000E+04	1.817553E-04	1.919681E-04	0.000000E+00	0.000000E+00
5.183000000000E+04	1.891419E-04	1.851519E-04	0.000000E+00	0.000000E+00
5.183125000000E+04	1.874428E-04	2.130240E-04	0.000000E+00	0.000000E+00
5.183250000000E+04	1.925120E-04	2.087273E-04	0.000000E+00	0.000000E+00
5.183375000000E+04	1.797149E-04	2.249678E-04	0.000000E+00	0.000000E+00
5.183500000000E+04	1.823566E-04	2.168087E-04	0.000000E+00	0.000000E+00
5.183625000000E+04	1.795914E-04	2.316857E-04	0.000000E+00	0.000000E+00
5.183750000000E+04	1.744844E-04	2.279583E-04	0.000000E+00	0.000000E+00
5.183875000000E+04	1.653958E-04	2.264696E-04	0.000000E+00	0.000000E+00
5.184000000000E+04	1.668205E-04	2.257910E-04	0.000000E+00	0.000000E+00
5.184125000000E+04	1.703106E-04	2.324166E-04	0.000000E+00	0.000000E+00
5.184250000000E+04	1.546423E-04	2.333542E-04	0.000000E+00	0.000000E+00
5.184375000000E+04	1.767855E-04	2.291877E-04	0.000000E+00	0.000000E+00
5.184500000000E+04	1.647285E-04	2.447990E-04	0.000000E+00	0.000000E+00
5.184625000000E+04	1.752476E-04	2.587962E-04	0.000000E+00	0.000000E+00
5.184750000000E+04	1.696961E-04	2.550526E-04	0.000000E+00	0.000000E+00
5.184875000000E+04	1.632740E-04	2.644666E-04	0.000000E+00	0.000000E+00
5.185000000000E+04	1.724653E-04	2.469535E-04	0.000000E+00	0.000000E+00
5.185125000000E+04	1.594310E-04	2.598632E-04	0.000000E+00	0.000000E+00
5.185250000000E+04	1.569379E-04	2.577723E-04	0.000000E+00	0.000000E+00
5.185375000000E+04	1.670701E-04	2.614999E-04	0.000000E+00	0.000000E+00
5.185500000000E+04	1.655175E-04	2.648364E-04	0.000000E+00	0.000000E+00
5.185625000000E+04	1.523802E-04	2.917830E-04	0.000000E+00	0.000000E+00
5.185750000000E+04	1.475457E-04	2.907283E-04	0.000000E+00	0.000000E+00
5.185875000000E+04	1.520333E-04	2.798256E-04	0.000000E+00	0.000000E+00
5.186000000000E+04	1.601143E-04	2.905381E-04	0.000000E+00	0.000000E+00
5.186125000000E+04	1.685639E-04	2.988328E-04	0.000000E+00	0.000000E+00
5.186250000000E+04	1.687396E-04	2.829922E-04	0.000000E+00	0.000000E+00
5.186375000000E+04	1.489541E-04	2.926146E-04	0.000000E+00	0.000000E+00
5.186500000000E+04	1.635628E-04	2.936019E-04	0.000000E+00	0.000000E+00
5.186625000000E+04	1.501009E-04	2.937717E-04	0.000000E+00	0.000000E+00
5.186750000000E+04	1.425990E-04	3.070705E-04	0.000000E+00	0.000000E+00
5.186875000000E+04	1.490740E-04	2.982887E-04	0.000000E+00	0.000000E+00
5.187000000000E+04	1.515147E-04	3.046546E-04	0.000000E+00	0.000000E+00
5.187125000000E+04	1.485462E-04	3.022460E-04	0.000000E+00	0.000000E+00
5.187250000000E+04	1.477859E-04	2.969552E-04	0.000000E+00	0.000000E+00
5.187375000000E+04	1.430370E-04	3.268134E-04	0.000000E+00	0.000000E+00
5.187500000000E+04	1.485316E-04	3.193707E-04	0.000000E+00	0.000000E+00
5.187625000000E+04	1.495614E-04	3.136705E-04	0.000000E+00	0.000000E+00
5.187750000000E+04	1.490840E-04	3.298840E-04	0.000000E+00	0.000000E+00
5.187875000000E+04	1.405522E-04	3.308355E-04	0.000000E+00	0.000000E+00
5.188000000000E+04	1.533427E-04	3.213486E-04	0.000000E+00	0.000000E+00
5.188125000000E+04	1.462492E-04	3.431224E-04	0.000000E+00	0.000000E+00
5.188250000000E+04	1.469134E-04	3.214135E-04	0.000000E+00	0.000000E+00
5.188375000000E+04	1.258015E-04	3.327854E-04	0.000000E+00	0.000000E+00
5.188500000000E+04	1.465637E-04	3.489081E-04	0.000000E+00	0.000000E+00
5.188625000000E+04	1.451783E-04	3.382767E-04	0.000000E+00	0.000000E+00
5.188750000000E+04	1.394273E-04	3.495507E-04	0.000000E+00	0.000000E+00
5.188875000000E+04	1.385226E-04	3.566153E-04	0.000000E+00	0.000000E+00
5.189000000000E+04	1.379549E-04	3.484711E-04	0.000000E+00	0.000000E+00
5.189125000000E+04	1.372590E-04	3.516311E-04	0.000000E+00	0.000000E+00
5.189250000000E+04	1.362609E-04	3.632656E-04	0.000000E+00	0.000000E+00
5.189375000000E+04	1.291097E-04	3.642281E-04	0.000000E+00	0.000000E+00
5.189500000000E+04	1.378583E-04	3.513715E-04	0.000000E+00	0.000000E+00
5.189625000000E+04	1.298186E-04	3.552876E-04	0.000000E+00	0.000000E+00
5.189750000000E+04	1.339282E-04	3.704409E-04	0.000000E+00	0.000000E+00
5.189875000000E+04	1.325339E-04	3.715412E-04	0.000000E+00	0.000000E+00
5.190000000000E+04	1.465501E-04	3.745169E-04	0.000000E+00	0.000000E+00
5.190125000000E+04	1.296881E-04	3.769625E-04	0.000000E+00	0.000000E+00
5.190250000000E+04	1.230762E-04	3.766479E-04	0.000000E+00	0.000000E+00
5.190375000000E+04	1.268773E-04	3.851438E-04	0.000000E+00	0.000000E+00
5.190500000000E+04	1.314726E-04	3.719590E-04	0.000000E+00	0.000000E+00
5.190625000000E+04	1.292533E-04	3.955321E-04	0.000000E+00	0.000000E+00
5.190750000000E+04	1.458642E-04	3.873342E-04	0.000000E+00	0.000000E+00
5.190875000000E+04	1.327158E-04	3.931985E-04	0.000000E+00	0.000000E+00
5.191000000000E+04	1.374811E-04	4.040923E-04	0.000000E+00	0.000000E+00
5.191125000000E+04	1.280728E-04	3.815264E-04	0.000000E+00	0.000000E+00
5.191250000000E+04	1.233840E-04	3.955401E-04	0.000000E+00	0.000000E+00
5.191375000000E+04	1.310975E-04	3.967482E-04	0.000000E+00	0.000000E+00
5.191500000000E+04	1.245035E-04	3.928725E-04	0.000000E+00	0.000000E+00
5.191625000000E+04	1.192718E-04	3.982224E-04	0.000000E+00	0.000000E+00
5.191750000000E+04	1.230978E-04	4.110686E-04	0.000000E+00	0.000000E+00
5.191875000000E+04	1.268775E-04	4.073098E-04	0.000000E+00	0.000000E+00
5.192000000000E+04	1.208647E-04	4.183725E-04	0.000000E+00	0.000000E+00
5.192125000000E+04	1.263281E-04	4.318007E-04	0.000000E+00	0.000000E+00
5.192250000000E+04	1.320013E-04	4.171734E-04	0.000000E+00	0.000000E+00
5.192375000000E+04	1.185797E-04	4.113789E-04	0.000000E+00	0.000000E+00
5.192500000000E+04	1.285870E-04	4.104289E-04	0.000000E+00	0.000000E+00
5.192625000000E+04	1.240487E-04	4.044988E-04	0.000000E+00	0.000000E+00
5.192750000000E+04	1.282041E-04	4.255661E-04	0.000000E+00	0.000000E+00
5.192875000000E+04	1.283439E-04	4.321707E-04	0.000000E+00	0.000000E+00
5.193000000000E+04	1.167997E-04	4.304010E-04	0.000000E+00	0.000000E+00
5.193125000000E+04	1.115304E-04	4.293183E-04	0.000000E+00	0.000000E+00
5.193250000000E+04	1.197007E-04	4.436387E-04	0.000000E+00	0.000000E+00
5.193375000000E+04	1.233336E-04	4.368636E-04	0.000000E+00	0.000000E+00
5.193500000000E+04	1.149848E-04	4.325777E-04	0.000000E+00	0.000000E+00
5.193625000000E+04	1.175182E-04	4.336645E-04	0.000000E+00	0.000000E+00
5.193750000000E+04	1.129106E-04	4.335835E-04	0.000000E+00	0.000000E+00
5.193875000000E+04	1.041677E-04	4.484515E-04	0.000000E+00	0.000000E+00
5.194000000000E+04	1.109251E-04	4.508488E-04	0.000000E+00	0.000000E+00
5.194125000000E+04	1.158364E-04	4.465066E-04	0.000000E+00	0.000000E+00
5.194250000000E+04	1.166106E-04	4.501498E-04	0.000000E+00	0.000000E+00
5.194375000000E+04	1.181242E-04	4.578782E-04	0.000000E+00	0.000000E+00
5.194500000000E+04	1.081996E-04	4.490715E-04	0.000000E+00	0.000000E+00
5.194625000000E+04	1.098048E-04	4.529989E-04	0.000000E+00	0.000000E+00
5.194750000000E+04	9.929884E-05	4.522450E-04	0.000000E+00	0.000000E+00
5.194875000000E+04	1.098866E-04	4.557406E-04	0.000000E+00	0.000000E+00
5.195000000000E+04	1.180268E-04	4.751569E-04	0.000000E+00	0.000000E+00
5.195125000000E+04	1.088807E-04	4.604237E-04	0.000000E+00	0.000000E+00
5.195250000000E+04	1.112817E-04	4.716716E-04	0.000000E+00	0.000000E+00
5.195375000000E+04	1.278767E-04	4.723491E-04	0.000000E+00	0.000000E+00
5.195500000000E+04	9.924248E-05	4.671121E-04	0.000000E+00	0.000000E+00
5.195625000000E+04	1.111716E-04	4.591889E-04	0.000000E+00	0.000000E+00
5.195750000000E+04	1.103235E-04	4.666072E-04	0.000000E+00	0.000000E+00
5.195875000000E+04	1.084769E-04	4.777741E-04	0.000000E+00	0.000000E+00
5.196000000000E+04	1.130659E-04	4.792012E-04	0.000000E+00	0.000000E+00
5.196125000000E+04	1.033417E-04	4.869282E-04	0.000000E+00	0.000000E+00
5.196250000000E+04	1.125025E-04	4.839147E-04	0.000000E+00	0.000000E+00
5.196375000000E+04	1.071723E-04	4.935904E-04	0.000000E+00	0.000000E+00
5.196500000000E+04	1.090781E-04	4.977467E-04	0.000000E+00	0.000000E+00
5.196625000000E+04	1.148680E-04	5.005757E-04	0.000000E+00	0.000000E+00
5.196750000000E+04	1.001305E-04	4.877689E-04	0.000000E+00	0.000000E+00
5.196875000000E+04	1.114711E-04	4.803949E-04	0.000000E+00	0.000000E+00
5.197000000000E+04	9.813251E-05	4.885910E-04	0.000000E+00	0.000000E+00
5.197125000000E+04	1.028655E-04	4.978736E-04	0.000000E+00	0.000000E+00
5.197250000000E+04	1.081796E-04	4.891345E-04	0.000000E+00	0.000000E+00
5.197375000000E+04	9.718976E-05	5.135765E-04	0.000000E+00	0.000000E+00
5.197500000000E+04	9.520072E-05	5.106414E-04	0.000000E+00	0.000000E+00
5.197625000000E+04	1.056665E-04	4.986630E-04	0.000000E+00	0.000000E+00
5.197750000000E+04	1.060249E-04	5.132846E-04	0.000000E+00	0.000000E+00
5.197875000000E+04	1.028021E-04	5.092007E-04	0.000000E+00	0.000000E+00
5.198000000000E+04	1.002501E-04	4.842879E-04	0.000000E+00	0.000000E+00
5.198125000000E+04	9.307168E-05	5.161782E-04	0.000000E+00	0.000000E+00
5.198250000000E+04	1.057868E-04	5.248662E-04	0.000000E+00	0.000000E+00
5.198375000000E+04	1.042187E-04	5.058826E-04	0.000000E+00	0.000000E+00
5.198500000000E+04	1.007019E-04	5.255860E-04	0.000000E+00	0.000000E+00
5.198625000000E+04	8.623131E-05	5.293689E-04	0.000000E+00	0.000000E+00
5.198750000000E+04	1.052134E-04	5.260663E-04	0.000000E+00	0.000000E+00
5.198875000000E+04	8.825560E-05	5.457650E-04	0.000000E+00	0.000000E+00
5.199000000000E+04	9.811672E-05	5.148122E-04	0.000000E+00	0.000000E+00
5.199125000000E+04	9.559943E-05	5.171880E-04	0.000000E+00	0.000000E+00
5.199250000000E+04	1.010257E-04	5.347333E-04	0.000000E+00	0.000000E+00
5.199375000000E+04	9.579520E-05	5.336931E-04	0.000000E+00	0.000000E+00
5.199500000000E+04	1.050837E-04	5.237675E-04	0.000000E+00	0.000000E+00
5.199625000000E+04	8.723701E-05	5.382026E-04	0.000000E+00	0.000000E+00
5.199750000000E+04	9.779514E-05	5.310295E-04	0.000000E+00	0.000000E+00
5.199875000000E+04	1.027283E-04	5.245992E-04	0.000000E+00	0.000000E+00
5.200000000000E+04	8.974948E-05	5.540536E-04	0.000000E+00	0.000000E+00
